10,10,42,1.000000
10,20,42,1.000000
10,30,42,1.000000
10,40,42,1.000000
10,50,42,1.000000
20,10,42,0.900000
20,20,42,1.000000
20,30,42,1.000000
20,40,42,1.000000
20,50,42,1.000000
30,10,42,0.733000
30,20,42,1.000000
30,30,42,1.000000
30,40,42,1.000000
30,50,42,1.000000
40,10,42,0.625000
40,20,42,0.925000
40,30,42,1.000000
40,40,42,1.000000
40,50,42,1.000000
50,10,42,0.560000
50,20,42,0.820000
50,30,42,0.880000
50,40,42,0.980000
50,50,42,1.000000
60,10,42,0.533000
60,20,42,0.814500
60,30,42,0.883000
60,40,42,1.000000
60,50,42,1.000000
70,10,42,0.514000
70,20,42,0.701500
70,30,42,0.757000
70,40,42,0.914000
70,50,42,0.971000
80,10,42,0.450000
80,20,42,0.650000
80,30,42,0.700000
80,40,42,0.875000
80,50,42,0.950000
90,10,42,0.377500
90,20,42,0.598500
90,30,42,0.664500
90,40,42,0.854500
90,50,42,0.778500
100,10,42,0.440000
100,20,42,0.500000
100,30,42,0.680000
100,40,42,0.810000
100,50,42,0.840000
110,10,42,0.409500
110,20,42,0.507500
110,30,42,0.637000
110,40,42,0.844500
110,50,42,0.800500
120,10,42,0.375000
120,20,42,0.475500
120,30,42,0.623000
120,40,42,0.766000
120,50,42,0.749000
130,10,42,0.407500
130,20,42,0.415000
130,30,42,0.632500
130,40,42,0.709500
130,50,42,0.714000
140,10,42,0.380000
140,20,42,0.427500
140,30,42,0.534000
140,40,42,0.683500
140,50,42,0.677000
150,10,42,0.401500
150,20,42,0.447500
150,30,42,0.526500
150,40,42,0.633500
150,50,42,0.665500
160,10,42,0.348000
160,20,42,0.411500
160,30,42,0.491000
160,40,42,0.623500
160,50,42,0.610000
170,10,42,0.341000
170,20,42,0.447000
170,30,42,0.462500
170,40,42,0.574500
170,50,42,0.616500
180,10,42,0.372000
180,20,42,0.387500
180,30,42,0.508500
180,40,42,0.572000
180,50,42,0.617000
190,10,42,0.335500
190,20,42,0.373000
190,30,42,0.489500
190,40,42,0.583000
190,50,42,0.577000
200,10,42,0.325000
200,20,42,0.395000
200,30,42,0.460000
200,40,42,0.525000
200,50,42,0.560000
10,10,42,1.000000
10,20,42,1.000000
10,30,42,1.000000
10,40,42,1.000000
10,50,42,1.000000
20,10,42,0.950000
20,20,42,1.000000
20,30,42,1.000000
20,40,42,1.000000
20,50,42,1.000000
30,10,42,0.866500
30,20,42,1.000000
30,30,42,1.000000
30,40,42,1.000000
30,50,42,1.000000
40,10,42,0.625000
40,20,42,0.900000
40,30,42,1.000000
40,40,42,1.000000
40,50,42,1.000000
50,10,42,0.660000
50,20,42,0.860000
50,30,42,1.000000
50,40,42,1.000000
50,50,42,1.000000
60,10,42,0.633500
60,20,42,0.750000
60,30,42,0.933000
60,40,42,0.983500
60,50,42,1.000000
70,10,42,0.556000
70,20,42,0.658000
70,30,42,0.871500
70,40,42,0.956500
70,50,42,1.000000
80,10,42,0.512500
80,20,42,0.612500
80,30,42,0.825000
80,40,42,0.850000
80,50,42,0.937500
90,10,42,0.476500
90,20,42,0.643500
90,30,42,0.787500
90,40,42,0.922500
90,50,42,0.911500
100,10,42,0.460000
100,20,42,0.570000
100,30,42,0.740000
100,40,42,0.830000
100,50,42,0.870000
110,10,42,0.492000
110,20,42,0.528000
110,30,42,0.727000
110,40,42,0.772000
110,50,42,0.874000
120,10,42,0.416000
120,20,42,0.515500
120,30,42,0.715500
120,40,42,0.790500
120,50,42,0.766500
130,10,42,0.430500
130,20,42,0.530500
130,30,42,0.677500
130,40,42,0.760000
130,50,42,0.777000
140,10,42,0.407000
140,20,42,0.501500
140,30,42,0.641000
140,40,42,0.707000
140,50,42,0.707000
150,10,42,0.380500
150,20,42,0.467500
150,30,42,0.615500
150,40,42,0.655000
150,50,42,0.674500
160,10,42,0.367000
160,20,42,0.473000
160,30,42,0.596500
160,40,42,0.680500
160,50,42,0.636500
170,10,42,0.370000
170,20,42,0.463000
170,30,42,0.582000
170,40,42,0.634000
170,50,42,0.635500
180,10,42,0.383500
180,20,42,0.477000
180,30,42,0.565000
180,40,42,0.627500
180,50,42,0.582500
190,10,42,0.356500
190,20,42,0.450500
190,30,42,0.543500
190,40,42,0.637000
190,50,42,0.615000
200,10,42,0.370000
200,20,42,0.420000
200,30,42,0.510000
200,40,42,0.580000
200,50,42,0.605000
10,10,7,1.000000
10,10,7,1.000000
10,10,7,1.000000
10,10,7,1.000000
10,10,7,1.000000
10,10,12,1.000000
10,10,12,1.000000
10,10,12,1.000000
10,10,12,1.000000
10,10,12,1.000000
10,10,24,1.000000
10,10,24,1.000000
10,10,24,1.000000
10,10,24,1.000000
10,10,24,1.000000
10,10,31,1.000000
10,10,31,1.000000
10,10,31,1.000000
10,10,31,1.000000
10,10,31,1.000000
10,10,36,1.000000
10,10,36,1.000000
10,10,36,1.000000
10,10,36,1.000000
10,10,36,1.000000
10,10,42,1.000000
10,10,42,1.000000
10,10,42,1.000000
10,10,42,1.000000
10,10,42,1.000000
10,10,48,1.000000
10,10,48,1.000000
10,10,48,1.000000
10,10,48,1.000000
10,10,48,1.000000
10,10,54,1.000000
10,10,54,1.000000
10,10,54,1.000000
10,10,54,1.000000
10,10,54,1.000000
10,10,59,1.000000
10,10,59,1.000000
10,10,59,1.000000
10,10,59,1.000000
10,10,59,1.000000
10,10,62,1.000000
10,10,62,1.000000
10,10,62,1.000000
10,10,62,1.000000
10,10,62,1.000000
10,20,7,1.000000
10,20,7,1.000000
10,20,7,1.000000
10,20,7,1.000000
10,20,7,1.000000
10,20,12,1.000000
10,20,12,1.000000
10,20,12,1.000000
10,20,12,1.000000
10,20,12,1.000000
10,20,24,1.000000
10,20,24,1.000000
10,20,24,1.000000
10,20,24,1.000000
10,20,24,1.000000
10,20,31,1.000000
10,20,31,1.000000
10,20,31,1.000000
10,20,31,1.000000
10,20,31,1.000000
10,20,36,1.000000
10,20,36,1.000000
10,20,36,1.000000
10,20,36,1.000000
10,20,36,1.000000
10,20,42,1.000000
10,20,42,1.000000
10,20,42,1.000000
10,20,42,1.000000
10,20,42,1.000000
10,20,48,1.000000
10,20,48,1.000000
10,20,48,1.000000
10,20,48,1.000000
10,20,48,1.000000
10,20,54,1.000000
10,20,54,1.000000
10,20,54,1.000000
10,20,54,1.000000
10,20,54,1.000000
10,20,59,1.000000
10,20,59,1.000000
10,20,59,1.000000
10,20,59,1.000000
10,20,59,1.000000
10,20,62,1.000000
10,20,62,1.000000
10,20,62,1.000000
10,20,62,1.000000
10,20,62,1.000000
10,30,7,1.000000
10,30,7,1.000000
10,30,7,1.000000
10,30,7,1.000000
10,30,7,1.000000
10,30,12,1.000000
10,30,12,1.000000
10,30,12,1.000000
10,30,12,1.000000
10,30,12,1.000000
10,30,24,1.000000
10,30,24,1.000000
10,30,24,1.000000
10,30,24,1.000000
10,30,24,1.000000
10,30,31,1.000000
10,30,31,1.000000
10,30,31,1.000000
10,30,31,1.000000
10,30,31,1.000000
10,30,36,1.000000
10,30,36,1.000000
10,30,36,1.000000
10,30,36,1.000000
10,30,36,1.000000
10,30,42,1.000000
10,30,42,1.000000
10,30,42,1.000000
10,30,42,1.000000
10,30,42,1.000000
10,30,48,1.000000
10,30,48,1.000000
10,30,48,1.000000
10,30,48,1.000000
10,30,48,1.000000
10,30,54,1.000000
10,30,54,1.000000
10,30,54,1.000000
10,30,54,1.000000
10,30,54,1.000000
10,30,59,1.000000
10,30,59,1.000000
10,30,59,1.000000
10,30,59,1.000000
10,30,59,1.000000
10,30,62,1.000000
10,30,62,1.000000
10,30,62,1.000000
10,30,62,1.000000
10,30,62,1.000000
10,40,7,1.000000
10,40,7,1.000000
10,40,7,1.000000
10,40,7,1.000000
10,40,7,1.000000
10,40,12,1.000000
10,40,12,1.000000
10,40,12,1.000000
10,40,12,1.000000
10,40,12,1.000000
10,40,24,1.000000
10,40,24,1.000000
10,40,24,1.000000
10,40,24,1.000000
10,40,24,1.000000
10,40,31,1.000000
10,40,31,1.000000
10,40,31,1.000000
10,40,31,1.000000
10,40,31,1.000000
10,40,36,1.000000
10,40,36,1.000000
10,40,36,1.000000
10,40,36,1.000000
10,40,36,1.000000
10,40,42,1.000000
10,40,42,1.000000
10,40,42,1.000000
10,40,42,1.000000
10,40,42,1.000000
10,40,48,1.000000
10,40,48,1.000000
10,40,48,1.000000
10,40,48,1.000000
10,40,48,1.000000
10,40,54,1.000000
10,40,54,1.000000
10,40,54,1.000000
10,40,54,1.000000
10,40,54,1.000000
10,40,59,1.000000
10,40,59,1.000000
10,40,59,1.000000
10,40,59,1.000000
10,40,59,1.000000
10,40,62,1.000000
10,40,62,1.000000
10,40,62,1.000000
10,40,62,1.000000
10,40,62,1.000000
10,50,7,1.000000
10,50,7,1.000000
10,50,7,1.000000
10,50,7,1.000000
10,50,7,1.000000
10,50,12,1.000000
10,50,12,1.000000
10,50,12,1.000000
10,50,12,1.000000
10,50,12,1.000000
10,50,24,1.000000
10,50,24,1.000000
10,50,24,1.000000
10,50,24,1.000000
10,50,24,1.000000
10,50,31,1.000000
10,50,31,1.000000
10,50,31,1.000000
10,50,31,1.000000
10,50,31,1.000000
10,50,36,1.000000
10,50,36,1.000000
10,50,36,1.000000
10,50,36,1.000000
10,50,36,1.000000
10,50,42,1.000000
10,50,42,1.000000
10,50,42,1.000000
10,50,42,1.000000
10,50,42,1.000000
10,50,48,1.000000
10,50,48,1.000000
10,50,48,1.000000
10,50,48,1.000000
10,50,48,1.000000
10,50,54,1.000000
10,50,54,1.000000
10,50,54,1.000000
10,50,54,1.000000
10,50,54,1.000000
10,50,59,1.000000
10,50,59,1.000000
10,50,59,1.000000
10,50,59,1.000000
10,50,59,1.000000
10,50,62,1.000000
10,50,62,1.000000
10,50,62,1.000000
10,50,62,1.000000
10,50,62,1.000000
20,10,7,1.000000
20,10,7,0.950000
20,10,7,0.950000
20,10,7,1.000000
20,10,7,1.000000
20,10,12,0.950000
20,10,12,0.900000
20,10,12,0.900000
20,10,12,0.950000
20,10,12,1.000000
20,10,24,0.950000
20,10,24,1.000000
20,10,24,1.000000
20,10,24,1.000000
20,10,24,1.000000
20,10,31,0.950000
20,10,31,1.000000
20,10,31,0.900000
20,10,31,1.000000
20,10,31,1.000000
20,10,36,0.900000
20,10,36,1.000000
20,10,36,1.000000
20,10,36,1.000000
20,10,36,0.950000
20,10,42,1.000000
20,10,42,0.900000
20,10,42,0.950000
20,10,42,0.950000
20,10,42,1.000000
20,10,48,1.000000
20,10,48,0.950000
20,10,48,1.000000
20,10,48,0.900000
20,10,48,1.000000
20,10,54,0.950000
20,10,54,1.000000
20,10,54,0.950000
20,10,54,1.000000
20,10,54,1.000000
20,10,59,1.000000
20,10,59,0.950000
20,10,59,1.000000
20,10,59,0.900000
20,10,59,0.950000
20,10,62,1.000000
20,10,62,0.950000
20,10,62,0.950000
20,10,62,0.850000
20,10,62,1.000000
20,20,7,1.000000
20,20,7,1.000000
20,20,7,1.000000
20,20,7,1.000000
20,20,7,1.000000
20,20,12,1.000000
20,20,12,1.000000
20,20,12,1.000000
20,20,12,1.000000
20,20,12,1.000000
20,20,24,1.000000
20,20,24,1.000000
20,20,24,1.000000
20,20,24,1.000000
20,20,24,1.000000
20,20,31,1.000000
20,20,31,1.000000
20,20,31,1.000000
20,20,31,1.000000
20,20,31,1.000000
20,20,36,1.000000
20,20,36,1.000000
20,20,36,1.000000
20,20,36,1.000000
20,20,36,1.000000
20,20,42,1.000000
20,20,42,1.000000
20,20,42,1.000000
20,20,42,1.000000
20,20,42,1.000000
20,20,48,1.000000
20,20,48,1.000000
20,20,48,1.000000
20,20,48,1.000000
20,20,48,1.000000
20,20,54,1.000000
20,20,54,1.000000
20,20,54,1.000000
20,20,54,1.000000
20,20,54,1.000000
20,20,59,1.000000
20,20,59,1.000000
20,20,59,1.000000
20,20,59,1.000000
20,20,59,1.000000
20,20,62,1.000000
20,20,62,1.000000
20,20,62,1.000000
20,20,62,1.000000
20,20,62,1.000000
20,30,7,1.000000
20,30,7,1.000000
20,30,7,1.000000
20,30,7,1.000000
20,30,7,1.000000
20,30,12,1.000000
20,30,12,1.000000
20,30,12,1.000000
20,30,12,1.000000
20,30,12,1.000000
20,30,24,1.000000
20,30,24,1.000000
20,30,24,1.000000
20,30,24,1.000000
20,30,24,1.000000
20,30,31,1.000000
20,30,31,1.000000
20,30,31,1.000000
20,30,31,1.000000
20,30,31,1.000000
20,30,36,1.000000
20,30,36,1.000000
20,30,36,1.000000
20,30,36,1.000000
20,30,36,1.000000
20,30,42,1.000000
20,30,42,1.000000
20,30,42,1.000000
20,30,42,1.000000
20,30,42,1.000000
20,30,48,1.000000
20,30,48,1.000000
20,30,48,1.000000
20,30,48,1.000000
20,30,48,1.000000
20,30,54,1.000000
20,30,54,1.000000
20,30,54,1.000000
20,30,54,1.000000
20,30,54,1.000000
20,30,59,1.000000
20,30,59,1.000000
20,30,59,1.000000
20,30,59,1.000000
20,30,59,1.000000
20,30,62,1.000000
20,30,62,1.000000
20,30,62,1.000000
20,30,62,1.000000
20,30,62,1.000000
20,40,7,1.000000
20,40,7,1.000000
20,40,7,1.000000
20,40,7,1.000000
20,40,7,1.000000
20,40,12,1.000000
20,40,12,1.000000
20,40,12,1.000000
20,40,12,1.000000
20,40,12,1.000000
20,40,24,1.000000
20,40,24,1.000000
20,40,24,1.000000
20,40,24,1.000000
20,40,24,1.000000
20,40,31,1.000000
20,40,31,1.000000
20,40,31,1.000000
20,40,31,1.000000
20,40,31,1.000000
20,40,36,1.000000
20,40,36,1.000000
20,40,36,1.000000
20,40,36,1.000000
20,40,36,1.000000
20,40,42,1.000000
20,40,42,1.000000
20,40,42,1.000000
20,40,42,1.000000
20,40,42,1.000000
20,40,48,1.000000
20,40,48,1.000000
20,40,48,1.000000
20,40,48,1.000000
20,40,48,1.000000
20,40,54,1.000000
20,40,54,1.000000
20,40,54,1.000000
20,40,54,1.000000
20,40,54,1.000000
20,40,59,1.000000
20,40,59,1.000000
20,40,59,1.000000
20,40,59,1.000000
20,40,59,1.000000
20,40,62,1.000000
20,40,62,1.000000
20,40,62,1.000000
20,40,62,1.000000
20,40,62,1.000000
20,50,7,1.000000
20,50,7,1.000000
20,50,7,1.000000
20,50,7,1.000000
20,50,7,1.000000
20,50,12,1.000000
20,50,12,1.000000
20,50,12,1.000000
20,50,12,1.000000
20,50,12,1.000000
20,50,24,1.000000
20,50,24,1.000000
20,50,24,1.000000
20,50,24,1.000000
20,50,24,1.000000
20,50,31,1.000000
20,50,31,1.000000
20,50,31,1.000000
20,50,31,1.000000
20,50,31,1.000000
20,50,36,1.000000
20,50,36,1.000000
20,50,36,1.000000
20,50,36,1.000000
20,50,36,1.000000
20,50,42,1.000000
20,50,42,1.000000
20,50,42,1.000000
20,50,42,1.000000
20,50,42,1.000000
20,50,48,1.000000
20,50,48,1.000000
20,50,48,1.000000
20,50,48,1.000000
20,50,48,1.000000
20,50,54,1.000000
20,50,54,1.000000
20,50,54,1.000000
20,50,54,1.000000
20,50,54,1.000000
20,50,59,1.000000
20,50,59,1.000000
20,50,59,1.000000
20,50,59,1.000000
20,50,59,1.000000
20,50,62,1.000000
20,50,62,1.000000
20,50,62,1.000000
20,50,62,1.000000
20,50,62,1.000000
30,10,7,0.833500
30,10,7,0.833000
30,10,7,0.833500
30,10,7,0.900500
30,10,7,0.799500
30,10,12,0.732500
30,10,12,0.699000
30,10,12,0.767500
30,10,12,0.833500
30,10,12,0.733500
30,10,24,0.600000
30,10,24,0.766500
30,10,24,0.834000
30,10,24,0.867000
30,10,24,0.867000
30,10,31,0.766000
30,10,31,0.866500
30,10,31,0.833500
30,10,31,0.766500
30,10,31,0.633000
30,10,36,0.800500
30,10,36,0.833500
30,10,36,0.800000
30,10,36,0.800000
30,10,36,0.699000
30,10,42,0.733500
30,10,42,0.800500
30,10,42,0.900000
30,10,42,0.701000
30,10,42,0.699500
30,10,48,0.766500
30,10,48,0.700500
30,10,48,0.833000
30,10,48,0.666000
30,10,48,0.799500
30,10,54,0.766500
30,10,54,0.867000
30,10,54,0.900000
30,10,54,0.866500
30,10,54,0.799500
30,10,59,0.766500
30,10,59,0.766500
30,10,59,0.799500
30,10,59,0.799500
30,10,59,0.532500
30,10,62,0.800000
30,10,62,0.866000
30,10,62,0.834500
30,10,62,0.700000
30,10,62,0.733000
30,20,7,1.000000
30,20,7,1.000000
30,20,7,0.966500
30,20,7,1.000000
30,20,7,1.000000
30,20,12,1.000000
30,20,12,1.000000
30,20,12,1.000000
30,20,12,1.000000
30,20,12,1.000000
30,20,24,1.000000
30,20,24,1.000000
30,20,24,1.000000
30,20,24,0.967000
30,20,24,1.000000
30,20,31,1.000000
30,20,31,0.967000
30,20,31,0.966500
30,20,31,1.000000
30,20,31,0.966500
30,20,36,1.000000
30,20,36,0.966500
30,20,36,1.000000
30,20,36,1.000000
30,20,36,1.000000
30,20,42,1.000000
30,20,42,0.967000
30,20,42,1.000000
30,20,42,1.000000
30,20,42,0.966500
30,20,48,1.000000
30,20,48,1.000000
30,20,48,1.000000
30,20,48,1.000000
30,20,48,0.966500
30,20,54,1.000000
30,20,54,0.966500
30,20,54,1.000000
30,20,54,1.000000
30,20,54,1.000000
30,20,59,1.000000
30,20,59,0.933000
30,20,59,0.966500
30,20,59,1.000000
30,20,59,0.966500
30,20,62,0.966500
30,20,62,1.000000
30,20,62,1.000000
30,20,62,1.000000
30,20,62,0.966500
30,30,7,1.000000
30,30,7,1.000000
30,30,7,1.000000
30,30,7,1.000000
30,30,7,1.000000
30,30,12,1.000000
30,30,12,1.000000
30,30,12,1.000000
30,30,12,1.000000
30,30,12,1.000000
30,30,24,1.000000
30,30,24,1.000000
30,30,24,1.000000
30,30,24,1.000000
30,30,24,1.000000
30,30,31,1.000000
30,30,31,1.000000
30,30,31,1.000000
30,30,31,1.000000
30,30,31,1.000000
30,30,36,1.000000
30,30,36,1.000000
30,30,36,1.000000
30,30,36,1.000000
30,30,36,1.000000
30,30,42,1.000000
30,30,42,1.000000
30,30,42,1.000000
30,30,42,1.000000
30,30,42,1.000000
30,30,48,1.000000
30,30,48,1.000000
30,30,48,1.000000
30,30,48,1.000000
30,30,48,1.000000
30,30,54,1.000000
30,30,54,1.000000
30,30,54,1.000000
30,30,54,1.000000
30,30,54,1.000000
30,30,59,1.000000
30,30,59,1.000000
30,30,59,1.000000
30,30,59,1.000000
30,30,59,1.000000
30,30,62,1.000000
30,30,62,1.000000
30,30,62,1.000000
30,30,62,1.000000
30,30,62,1.000000
30,40,7,1.000000
30,40,7,1.000000
30,40,7,1.000000
30,40,7,1.000000
30,40,7,1.000000
30,40,12,1.000000
30,40,12,1.000000
30,40,12,1.000000
30,40,12,1.000000
30,40,12,1.000000
30,40,24,1.000000
30,40,24,1.000000
30,40,24,1.000000
30,40,24,1.000000
30,40,24,1.000000
30,40,31,1.000000
30,40,31,1.000000
30,40,31,1.000000
30,40,31,1.000000
30,40,31,1.000000
30,40,36,1.000000
30,40,36,1.000000
30,40,36,1.000000
30,40,36,1.000000
30,40,36,1.000000
30,40,42,1.000000
30,40,42,1.000000
30,40,42,1.000000
30,40,42,1.000000
30,40,42,1.000000
30,40,48,1.000000
30,40,48,1.000000
30,40,48,1.000000
30,40,48,1.000000
30,40,48,1.000000
30,40,54,1.000000
30,40,54,1.000000
30,40,54,1.000000
30,40,54,1.000000
30,40,54,1.000000
30,40,59,1.000000
30,40,59,1.000000
30,40,59,1.000000
30,40,59,1.000000
30,40,59,1.000000
30,40,62,1.000000
30,40,62,1.000000
30,40,62,1.000000
30,40,62,1.000000
30,40,62,1.000000
30,50,7,1.000000
30,50,7,1.000000
30,50,7,1.000000
30,50,7,1.000000
30,50,7,1.000000
30,50,12,1.000000
30,50,12,1.000000
30,50,12,1.000000
30,50,12,1.000000
30,50,12,1.000000
30,50,24,1.000000
30,50,24,1.000000
30,50,24,1.000000
30,50,24,1.000000
30,50,24,1.000000
30,50,31,1.000000
30,50,31,1.000000
30,50,31,1.000000
30,50,31,1.000000
30,50,31,1.000000
30,50,36,1.000000
30,50,36,1.000000
30,50,36,1.000000
30,50,36,1.000000
30,50,36,1.000000
30,50,42,1.000000
30,50,42,1.000000
30,50,42,1.000000
30,50,42,1.000000
30,50,42,1.000000
30,50,48,1.000000
30,50,48,1.000000
30,50,48,1.000000
30,50,48,1.000000
30,50,48,1.000000
30,50,54,1.000000
30,50,54,1.000000
30,50,54,1.000000
30,50,54,1.000000
30,50,54,1.000000
30,50,59,1.000000
30,50,59,1.000000
30,50,59,1.000000
30,50,59,1.000000
30,50,59,1.000000
30,50,62,1.000000
30,50,62,1.000000
30,50,62,1.000000
30,50,62,1.000000
30,50,62,1.000000
40,10,7,0.675000
40,10,7,0.675000
40,10,7,0.625000
40,10,7,0.750000
40,10,7,0.500000
40,10,12,0.650000
40,10,12,0.700000
40,10,12,0.650000
40,10,12,0.700000
40,10,12,0.650000
40,10,24,0.675000
40,10,24,0.675000
40,10,24,0.650000
40,10,24,0.650000
40,10,24,0.625000
40,10,31,0.575000
40,10,31,0.650000
40,10,31,0.675000
40,10,31,0.675000
40,10,31,0.725000
40,10,36,0.675000
40,10,36,0.700000
40,10,36,0.700000
40,10,36,0.525000
40,10,36,0.575000
40,10,42,0.575000
40,10,42,0.675000
40,10,42,0.575000
40,10,42,0.600000
40,10,42,0.650000
40,10,48,0.600000
40,10,48,0.550000
40,10,48,0.700000
40,10,48,0.575000
40,10,48,0.700000
40,10,54,0.600000
40,10,54,0.775000
40,10,54,0.725000
40,10,54,0.650000
40,10,54,0.675000
40,10,59,0.700000
40,10,59,0.725000
40,10,59,0.700000
40,10,59,0.600000
40,10,59,0.575000
40,10,62,0.775000
40,10,62,0.525000
40,10,62,0.650000
40,10,62,0.675000
40,10,62,0.625000
40,20,7,0.900000
40,20,7,0.850000
40,20,7,0.800000
40,20,7,0.925000
40,20,7,0.975000
40,20,12,0.950000
40,20,12,0.975000
40,20,12,0.975000
40,20,12,0.925000
40,20,12,0.875000
40,20,24,0.875000
40,20,24,0.900000
40,20,24,0.900000
40,20,24,0.825000
40,20,24,0.850000
40,20,31,0.950000
40,20,31,0.925000
40,20,31,0.850000
40,20,31,0.875000
40,20,31,0.950000
40,20,36,0.900000
40,20,36,0.875000
40,20,36,0.925000
40,20,36,0.875000
40,20,36,0.925000
40,20,42,0.850000
40,20,42,0.875000
40,20,42,0.900000
40,20,42,0.875000
40,20,42,0.900000
40,20,48,0.975000
40,20,48,0.925000
40,20,48,0.875000
40,20,48,0.925000
40,20,48,0.950000
40,20,54,0.900000
40,20,54,0.800000
40,20,54,0.850000
40,20,54,0.900000
40,20,54,0.850000
40,20,59,0.875000
40,20,59,0.975000
40,20,59,0.850000
40,20,59,0.975000
40,20,59,0.825000
40,20,62,0.800000
40,20,62,0.950000
40,20,62,0.950000
40,20,62,0.975000
40,20,62,0.850000
40,30,7,1.000000
40,30,7,0.975000
40,30,7,0.975000
40,30,7,0.975000
40,30,7,1.000000
40,30,12,1.000000
40,30,12,1.000000
40,30,12,1.000000
40,30,12,1.000000
40,30,12,1.000000
40,30,24,1.000000
40,30,24,1.000000
40,30,24,1.000000
40,30,24,1.000000
40,30,24,1.000000
40,30,31,1.000000
40,30,31,1.000000
40,30,31,1.000000
40,30,31,1.000000
40,30,31,1.000000
40,30,36,1.000000
40,30,36,0.975000
40,30,36,0.975000
40,30,36,1.000000
40,30,36,1.000000
40,30,42,1.000000
40,30,42,1.000000
40,30,42,1.000000
40,30,42,0.975000
40,30,42,1.000000
40,30,48,1.000000
40,30,48,1.000000
40,30,48,1.000000
40,30,48,1.000000
40,30,48,0.950000
40,30,54,1.000000
40,30,54,1.000000
40,30,54,1.000000
40,30,54,0.975000
40,30,54,1.000000
40,30,59,1.000000
40,30,59,1.000000
40,30,59,1.000000
40,30,59,1.000000
40,30,59,1.000000
40,30,62,1.000000
40,30,62,1.000000
40,30,62,0.975000
40,30,62,1.000000
40,30,62,1.000000
40,40,7,1.000000
40,40,7,1.000000
40,40,7,1.000000
40,40,7,1.000000
40,40,7,1.000000
40,40,12,1.000000
40,40,12,1.000000
40,40,12,1.000000
40,40,12,1.000000
40,40,12,1.000000
40,40,24,1.000000
40,40,24,1.000000
40,40,24,1.000000
40,40,24,1.000000
40,40,24,1.000000
40,40,31,1.000000
40,40,31,1.000000
40,40,31,1.000000
40,40,31,1.000000
40,40,31,1.000000
40,40,36,1.000000
40,40,36,1.000000
40,40,36,1.000000
40,40,36,1.000000
40,40,36,1.000000
40,40,42,1.000000
40,40,42,1.000000
40,40,42,1.000000
40,40,42,1.000000
40,40,42,1.000000
40,40,48,1.000000
40,40,48,1.000000
40,40,48,1.000000
40,40,48,1.000000
40,40,48,1.000000
40,40,54,1.000000
40,40,54,1.000000
40,40,54,1.000000
40,40,54,1.000000
40,40,54,1.000000
40,40,59,1.000000
40,40,59,1.000000
40,40,59,1.000000
40,40,59,1.000000
40,40,59,1.000000
40,40,62,1.000000
40,40,62,1.000000
40,40,62,1.000000
40,40,62,1.000000
40,40,62,1.000000
40,50,7,1.000000
40,50,7,1.000000
40,50,7,1.000000
40,50,7,1.000000
40,50,7,1.000000
40,50,12,1.000000
40,50,12,1.000000
40,50,12,1.000000
40,50,12,1.000000
40,50,12,1.000000
40,50,24,1.000000
40,50,24,1.000000
40,50,24,1.000000
40,50,24,1.000000
40,50,24,1.000000
40,50,31,1.000000
40,50,31,1.000000
40,50,31,1.000000
40,50,31,1.000000
40,50,31,1.000000
40,50,36,1.000000
40,50,36,1.000000
40,50,36,1.000000
40,50,36,1.000000
40,50,36,1.000000
40,50,42,1.000000
40,50,42,1.000000
40,50,42,1.000000
40,50,42,1.000000
40,50,42,1.000000
40,50,48,1.000000
40,50,48,1.000000
40,50,48,1.000000
40,50,48,1.000000
40,50,48,1.000000
40,50,54,1.000000
40,50,54,1.000000
40,50,54,1.000000
40,50,54,1.000000
40,50,54,1.000000
40,50,59,1.000000
40,50,59,1.000000
40,50,59,1.000000
40,50,59,1.000000
40,50,59,1.000000
40,50,62,1.000000
40,50,62,1.000000
40,50,62,1.000000
40,50,62,1.000000
40,50,62,1.000000
50,10,7,0.680000
50,10,7,0.680000
50,10,7,0.620000
50,10,7,0.640000
50,10,7,0.440000
50,10,12,0.680000
50,10,12,0.580000
50,10,12,0.580000
50,10,12,0.500000
50,10,12,0.520000
50,10,24,0.620000
50,10,24,0.580000
50,10,24,0.620000
50,10,24,0.580000
50,10,24,0.560000
50,10,31,0.580000
50,10,31,0.600000
50,10,31,0.660000
50,10,31,0.600000
50,10,31,0.500000
50,10,36,0.620000
50,10,36,0.580000
50,10,36,0.640000
50,10,36,0.560000
50,10,36,0.480000
50,10,42,0.520000
50,10,42,0.620000
50,10,42,0.600000
50,10,42,0.540000
50,10,42,0.600000
50,10,48,0.600000
50,10,48,0.620000
50,10,48,0.660000
50,10,48,0.480000
50,10,48,0.600000
50,10,54,0.640000
50,10,54,0.660000
50,10,54,0.620000
50,10,54,0.580000
50,10,54,0.580000
50,10,59,0.580000
50,10,59,0.560000
50,10,59,0.540000
50,10,59,0.480000
50,10,59,0.460000
50,10,62,0.600000
50,10,62,0.580000
50,10,62,0.580000
50,10,62,0.600000
50,10,62,0.580000
50,20,7,0.800000
50,20,7,0.740000
50,20,7,0.780000
50,20,7,0.720000
50,20,7,0.860000
50,20,12,0.880000
50,20,12,0.780000
50,20,12,0.820000
50,20,12,0.780000
50,20,12,0.620000
50,20,24,0.780000
50,20,24,0.760000
50,20,24,0.760000
50,20,24,0.740000
50,20,24,0.780000
50,20,31,0.800000
50,20,31,0.840000
50,20,31,0.840000
50,20,31,0.640000
50,20,31,0.700000
50,20,36,0.860000
50,20,36,0.760000
50,20,36,0.760000
50,20,36,0.720000
50,20,36,0.740000
50,20,42,0.860000
50,20,42,0.840000
50,20,42,0.760000
50,20,42,0.720000
50,20,42,0.800000
50,20,48,0.920000
50,20,48,0.880000
50,20,48,0.740000
50,20,48,0.820000
50,20,48,0.800000
50,20,54,0.760000
50,20,54,0.780000
50,20,54,0.760000
50,20,54,0.660000
50,20,54,0.780000
50,20,59,0.740000
50,20,59,0.800000
50,20,59,0.740000
50,20,59,0.720000
50,20,59,0.740000
50,20,62,0.780000
50,20,62,0.780000
50,20,62,0.820000
50,20,62,0.880000
50,20,62,0.780000
50,30,7,0.960000
50,30,7,0.920000
50,30,7,0.940000
50,30,7,0.960000
50,30,7,0.940000
50,30,12,0.960000
50,30,12,0.920000
50,30,12,0.880000
50,30,12,1.000000
50,30,12,0.960000
50,30,24,0.960000
50,30,24,0.940000
50,30,24,0.940000
50,30,24,1.000000
50,30,24,0.920000
50,30,31,0.940000
50,30,31,0.940000
50,30,31,0.920000
50,30,31,0.940000
50,30,31,0.960000
50,30,36,1.000000
50,30,36,0.880000
50,30,36,0.960000
50,30,36,0.980000
50,30,36,0.920000
50,30,42,1.000000
50,30,42,0.960000
50,30,42,0.980000
50,30,42,0.920000
50,30,42,0.920000
50,30,48,0.920000
50,30,48,1.000000
50,30,48,0.980000
50,30,48,0.900000
50,30,48,0.880000
50,30,54,0.940000
50,30,54,0.960000
50,30,54,1.000000
50,30,54,0.960000
50,30,54,0.980000
50,30,59,0.960000
50,30,59,0.960000
50,30,59,0.920000
50,30,59,0.960000
50,30,59,0.940000
50,30,62,1.000000
50,30,62,1.000000
50,30,62,0.900000
50,30,62,0.960000
50,30,62,0.880000
50,40,7,1.000000
50,40,7,0.980000
50,40,7,1.000000
50,40,7,1.000000
50,40,7,0.980000
50,40,12,1.000000
50,40,12,0.980000
50,40,12,1.000000
50,40,12,1.000000
50,40,12,1.000000
50,40,24,1.000000
50,40,24,1.000000
50,40,24,1.000000
50,40,24,1.000000
50,40,24,1.000000
50,40,31,0.980000
50,40,31,1.000000
50,40,31,1.000000
50,40,31,1.000000
50,40,31,1.000000
50,40,36,1.000000
50,40,36,1.000000
50,40,36,1.000000
50,40,36,1.000000
50,40,36,1.000000
50,40,42,1.000000
50,40,42,1.000000
50,40,42,1.000000
50,40,42,1.000000
50,40,42,1.000000
50,40,48,1.000000
50,40,48,1.000000
50,40,48,1.000000
50,40,48,1.000000
50,40,48,1.000000
50,40,54,1.000000
50,40,54,1.000000
50,40,54,1.000000
50,40,54,1.000000
50,40,54,1.000000
50,40,59,1.000000
50,40,59,1.000000
50,40,59,1.000000
50,40,59,1.000000
50,40,59,1.000000
50,40,62,1.000000
50,40,62,0.980000
50,40,62,1.000000
50,40,62,1.000000
50,40,62,1.000000
50,50,7,1.000000
50,50,7,1.000000
50,50,7,1.000000
50,50,7,1.000000
50,50,7,1.000000
50,50,12,1.000000
50,50,12,1.000000
50,50,12,1.000000
50,50,12,1.000000
50,50,12,1.000000
50,50,24,1.000000
50,50,24,1.000000
50,50,24,1.000000
50,50,24,1.000000
50,50,24,1.000000
50,50,31,1.000000
50,50,31,1.000000
50,50,31,1.000000
50,50,31,1.000000
50,50,31,1.000000
50,50,36,1.000000
50,50,36,1.000000
50,50,36,1.000000
50,50,36,1.000000
50,50,36,1.000000
50,50,42,1.000000
50,50,42,1.000000
50,50,42,1.000000
50,50,42,1.000000
50,50,42,1.000000
50,50,48,1.000000
50,50,48,1.000000
50,50,48,1.000000
50,50,48,1.000000
50,50,48,1.000000
50,50,54,1.000000
50,50,54,1.000000
50,50,54,1.000000
50,50,54,1.000000
50,50,54,1.000000
50,50,59,1.000000
50,50,59,1.000000
50,50,59,1.000000
50,50,59,1.000000
50,50,59,1.000000
50,50,62,1.000000
50,50,62,1.000000
50,50,62,1.000000
50,50,62,1.000000
50,50,62,1.000000
60,10,7,0.583000
60,10,7,0.532500
60,10,7,0.549000
60,10,7,0.532500
60,10,7,0.465000
60,10,12,0.516500
60,10,12,0.616500
60,10,12,0.566000
60,10,12,0.449000
60,10,12,0.466500
60,10,24,0.533500
60,10,24,0.517000
60,10,24,0.583500
60,10,24,0.548500
60,10,24,0.448500
60,10,31,0.583500
60,10,31,0.583500
60,10,31,0.617000
60,10,31,0.532000
60,10,31,0.517000
60,10,36,0.583000
60,10,36,0.549500
60,10,36,0.632500
60,10,36,0.500000
60,10,36,0.566000
60,10,42,0.466000
60,10,42,0.581500
60,10,42,0.566500
60,10,42,0.465000
60,10,42,0.533500
60,10,48,0.549500
60,10,48,0.502000
60,10,48,0.600000
60,10,48,0.481500
60,10,48,0.531000
60,10,54,0.549500
60,10,54,0.616000
60,10,54,0.600500
60,10,54,0.516500
60,10,54,0.399500
60,10,59,0.550000
60,10,59,0.532500
60,10,59,0.597500
60,10,59,0.432000
60,10,59,0.566000
60,10,62,0.483000
60,10,62,0.514500
60,10,62,0.483500
60,10,62,0.566500
60,10,62,0.565500
60,20,7,0.766500
60,20,7,0.732500
60,20,7,0.716500
60,20,7,0.732000
60,20,7,0.731500
60,20,12,0.716500
60,20,12,0.698500
60,20,12,0.666000
60,20,12,0.717000
60,20,12,0.666000
60,20,24,0.766500
60,20,24,0.700500
60,20,24,0.701500
60,20,24,0.633000
60,20,24,0.682500
60,20,31,0.732500
60,20,31,0.750000
60,20,31,0.801000
60,20,31,0.616000
60,20,31,0.734000
60,20,36,0.751500
60,20,36,0.750500
60,20,36,0.784000
60,20,36,0.766000
60,20,36,0.733000
60,20,42,0.816000
60,20,42,0.749000
60,20,42,0.632500
60,20,42,0.616000
60,20,42,0.734000
60,20,48,0.750000
60,20,48,0.717500
60,20,48,0.767500
60,20,48,0.732000
60,20,48,0.834000
60,20,54,0.698500
60,20,54,0.699000
60,20,54,0.749500
60,20,54,0.599500
60,20,54,0.633000
60,20,59,0.767500
60,20,59,0.748500
60,20,59,0.683000
60,20,59,0.649000
60,20,59,0.784000
60,20,62,0.682500
60,20,62,0.700000
60,20,62,0.716500
60,20,62,0.750500
60,20,62,0.683000
60,30,7,0.850000
60,30,7,0.849500
60,30,7,0.933500
60,30,7,0.933500
60,30,7,0.832500
60,30,12,0.933000
60,30,12,0.899500
60,30,12,0.867000
60,30,12,0.849000
60,30,12,0.934000
60,30,24,0.866500
60,30,24,0.866500
60,30,24,0.899500
60,30,24,0.983500
60,30,24,0.849500
60,30,31,0.917000
60,30,31,0.798000
60,30,31,0.849000
60,30,31,0.966500
60,30,31,0.882000
60,30,36,0.933500
60,30,36,0.850000
60,30,36,0.883000
60,30,36,0.783500
60,30,36,0.800000
60,30,42,0.867000
60,30,42,0.766000
60,30,42,0.917000
60,30,42,0.899500
60,30,42,0.849000
60,30,48,0.851000
60,30,48,0.950500
60,30,48,0.883500
60,30,48,0.916500
60,30,48,0.850000
60,30,54,0.916500
60,30,54,0.883000
60,30,54,0.901000
60,30,54,0.850000
60,30,54,0.933000
60,30,59,0.834500
60,30,59,0.866000
60,30,59,0.916500
60,30,59,0.883000
60,30,59,0.933000
60,30,62,0.900500
60,30,62,0.867000
60,30,62,0.950500
60,30,62,0.949500
60,30,62,0.816500
60,40,7,0.933000
60,40,7,0.983000
60,40,7,0.983500
60,40,7,0.983500
60,40,7,0.983500
60,40,12,1.000000
60,40,12,1.000000
60,40,12,0.983500
60,40,12,0.983500
60,40,12,0.933500
60,40,24,1.000000
60,40,24,0.949500
60,40,24,0.983500
60,40,24,1.000000
60,40,24,1.000000
60,40,31,0.967000
60,40,31,0.983000
60,40,31,1.000000
60,40,31,1.000000
60,40,31,0.983500
60,40,36,1.000000
60,40,36,1.000000
60,40,36,0.983500
60,40,36,0.983500
60,40,36,0.949500
60,40,42,1.000000
60,40,42,1.000000
60,40,42,1.000000
60,40,42,1.000000
60,40,42,0.967000
60,40,48,1.000000
60,40,48,0.933500
60,40,48,0.967000
60,40,48,0.949500
60,40,48,0.983500
60,40,54,0.983500
60,40,54,0.967000
60,40,54,0.967000
60,40,54,0.967000
60,40,54,0.983500
60,40,59,0.966000
60,40,59,0.983500
60,40,59,0.983500
60,40,59,0.983500
60,40,59,1.000000
60,40,62,0.949000
60,40,62,0.967000
60,40,62,0.933000
60,40,62,1.000000
60,40,62,0.950000
60,50,7,1.000000
60,50,7,1.000000
60,50,7,1.000000
60,50,7,1.000000
60,50,7,1.000000
60,50,12,1.000000
60,50,12,1.000000
60,50,12,1.000000
60,50,12,1.000000
60,50,12,1.000000
60,50,24,1.000000
60,50,24,1.000000
60,50,24,1.000000
60,50,24,1.000000
60,50,24,1.000000
60,50,31,1.000000
60,50,31,1.000000
60,50,31,1.000000
60,50,31,1.000000
60,50,31,1.000000
60,50,36,1.000000
60,50,36,1.000000
60,50,36,1.000000
60,50,36,1.000000
60,50,36,1.000000
60,50,42,1.000000
60,50,42,0.983000
60,50,42,1.000000
60,50,42,1.000000
60,50,42,1.000000
60,50,48,1.000000
60,50,48,1.000000
60,50,48,1.000000
60,50,48,1.000000
60,50,48,1.000000
60,50,54,1.000000
60,50,54,1.000000
60,50,54,1.000000
60,50,54,1.000000
60,50,54,1.000000
60,50,59,1.000000
60,50,59,1.000000
60,50,59,1.000000
60,50,59,1.000000
60,50,59,1.000000
60,50,62,1.000000
60,50,62,1.000000
60,50,62,1.000000
60,50,62,1.000000
60,50,62,1.000000
70,10,7,0.542000
70,10,7,0.599500
70,10,7,0.558500
70,10,7,0.472500
70,10,7,0.416500
70,10,12,0.485500
70,10,12,0.500000
70,10,12,0.500000
70,10,12,0.401000
70,10,12,0.499500
70,10,24,0.512500
70,10,24,0.443000
70,10,24,0.542500
70,10,24,0.557500
70,10,24,0.501500
70,10,31,0.513500
70,10,31,0.613500
70,10,31,0.657500
70,10,31,0.558500
70,10,31,0.427500
70,10,36,0.571500
70,10,36,0.585500
70,10,36,0.586000
70,10,36,0.485000
70,10,36,0.500500
70,10,42,0.500000
70,10,42,0.571500
70,10,42,0.543500
70,10,42,0.473000
70,10,42,0.528500
70,10,48,0.571000
70,10,48,0.556500
70,10,48,0.615000
70,10,48,0.444000
70,10,48,0.473500
70,10,54,0.499500
70,10,54,0.513500
70,10,54,0.599500
70,10,54,0.515500
70,10,54,0.401500
70,10,59,0.542500
70,10,59,0.556500
70,10,59,0.601500
70,10,59,0.429500
70,10,59,0.514500
70,10,62,0.471500
70,10,62,0.487000
70,10,62,0.541500
70,10,62,0.543000
70,10,62,0.444000
70,20,7,0.599000
70,20,7,0.643000
70,20,7,0.685500
70,20,7,0.715000
70,20,7,0.714000
70,20,12,0.671000
70,20,12,0.686000
70,20,12,0.699000
70,20,12,0.642000
70,20,12,0.629500
70,20,24,0.643000
70,20,24,0.684000
70,20,24,0.598500
70,20,24,0.571000
70,20,24,0.599500
70,20,31,0.670500
70,20,31,0.671000
70,20,31,0.628000
70,20,31,0.743500
70,20,31,0.584500
70,20,36,0.699500
70,20,36,0.656500
70,20,36,0.727500
70,20,36,0.729500
70,20,36,0.644000
70,20,42,0.670500
70,20,42,0.656000
70,20,42,0.686000
70,20,42,0.700500
70,20,42,0.741500
70,20,48,0.642500
70,20,48,0.685000
70,20,48,0.729000
70,20,48,0.600000
70,20,48,0.670500
70,20,54,0.586000
70,20,54,0.614500
70,20,54,0.727500
70,20,54,0.656500
70,20,54,0.543500
70,20,59,0.683500
70,20,59,0.713500
70,20,59,0.758000
70,20,59,0.630000
70,20,59,0.698500
70,20,62,0.628000
70,20,62,0.714500
70,20,62,0.671000
70,20,62,0.743500
70,20,62,0.714500
70,30,7,0.799000
70,30,7,0.857500
70,30,7,0.900500
70,30,7,0.829000
70,30,7,0.829000
70,30,12,0.856000
70,30,12,0.842000
70,30,12,0.756000
70,30,12,0.814500
70,30,12,0.726500
70,30,24,0.828500
70,30,24,0.756500
70,30,24,0.914000
70,30,24,0.856500
70,30,24,0.828500
70,30,31,0.842000
70,30,31,0.785000
70,30,31,0.857000
70,30,31,0.842000
70,30,31,0.771000
70,30,36,0.841500
70,30,36,0.856500
70,30,36,0.842500
70,30,36,0.756500
70,30,36,0.714500
70,30,42,0.871500
70,30,42,0.800500
70,30,42,0.857000
70,30,42,0.829000
70,30,42,0.829000
70,30,48,0.813500
70,30,48,0.771500
70,30,48,0.841500
70,30,48,0.828500
70,30,48,0.828500
70,30,54,0.843000
70,30,54,0.755000
70,30,54,0.827500
70,30,54,0.728000
70,30,54,0.843000
70,30,59,0.755500
70,30,59,0.843000
70,30,59,0.857500
70,30,59,0.798500
70,30,59,0.827000
70,30,62,0.885000
70,30,62,0.872000
70,30,62,0.842000
70,30,62,0.843500
70,30,62,0.757500
70,40,7,0.900500
70,40,7,0.957500
70,40,7,0.942500
70,40,7,0.971000
70,40,7,0.899500
70,40,12,0.900000
70,40,12,0.956500
70,40,12,0.899500
70,40,12,0.956500
70,40,12,0.929000
70,40,24,0.942500
70,40,24,0.914000
70,40,24,0.957000
70,40,24,1.000000
70,40,24,0.928500
70,40,31,0.899000
70,40,31,0.914500
70,40,31,0.971000
70,40,31,0.985500
70,40,31,0.927500
70,40,36,0.942500
70,40,36,0.957000
70,40,36,0.971500
70,40,36,0.913500
70,40,36,0.943500
70,40,42,0.899500
70,40,42,0.971500
70,40,42,0.914000
70,40,42,1.000000
70,40,42,0.828500
70,40,48,0.971500
70,40,48,0.943000
70,40,48,0.927500
70,40,48,0.857000
70,40,48,0.942000
70,40,54,0.914500
70,40,54,0.928000
70,40,54,0.899000
70,40,54,0.928000
70,40,54,0.914500
70,40,59,0.900000
70,40,59,0.972000
70,40,59,0.929500
70,40,59,0.985500
70,40,59,0.971500
70,40,62,0.886500
70,40,62,0.900000
70,40,62,0.915000
70,40,62,0.956500
70,40,62,0.915000
70,50,7,0.985500
70,50,7,1.000000
70,50,7,0.985500
70,50,7,1.000000
70,50,7,1.000000
70,50,12,0.971000
70,50,12,0.986000
70,50,12,1.000000
70,50,12,0.985500
70,50,12,0.985500
70,50,24,0.986000
70,50,24,0.971500
70,50,24,1.000000
70,50,24,1.000000
70,50,24,0.985500
70,50,31,0.986000
70,50,31,0.985500
70,50,31,1.000000
70,50,31,1.000000
70,50,31,0.985500
70,50,36,1.000000
70,50,36,0.971500
70,50,36,1.000000
70,50,36,1.000000
70,50,36,0.986000
70,50,42,0.971000
70,50,42,0.986000
70,50,42,0.986000
70,50,42,0.971500
70,50,42,1.000000
70,50,48,0.971000
70,50,48,0.972000
70,50,48,1.000000
70,50,48,1.000000
70,50,48,1.000000
70,50,54,1.000000
70,50,54,0.971500
70,50,54,1.000000
70,50,54,0.985500
70,50,54,0.985500
70,50,59,0.986000
70,50,59,1.000000
70,50,59,0.971000
70,50,59,0.971000
70,50,59,1.000000
70,50,62,0.957000
70,50,62,0.986000
70,50,62,0.957000
70,50,62,0.985500
70,50,62,0.972000
80,10,7,0.462500
80,10,7,0.600000
80,10,7,0.537500
80,10,7,0.450000
80,10,7,0.375000
80,10,12,0.412500
80,10,12,0.475000
80,10,12,0.437500
80,10,12,0.425000
80,10,12,0.500000
80,10,24,0.500000
80,10,24,0.475000
80,10,24,0.450000
80,10,24,0.462500
80,10,24,0.412500
80,10,31,0.462500
80,10,31,0.537500
80,10,31,0.575000
80,10,31,0.537500
80,10,31,0.487500
80,10,36,0.575000
80,10,36,0.562500
80,10,36,0.537500
80,10,36,0.500000
80,10,36,0.450000
80,10,42,0.500000
80,10,42,0.500000
80,10,42,0.487500
80,10,42,0.450000
80,10,42,0.450000
80,10,48,0.500000
80,10,48,0.550000
80,10,48,0.525000
80,10,48,0.525000
80,10,48,0.537500
80,10,54,0.475000
80,10,54,0.512500
80,10,54,0.500000
80,10,54,0.500000
80,10,54,0.375000
80,10,59,0.512500
80,10,59,0.550000
80,10,59,0.575000
80,10,59,0.437500
80,10,59,0.487500
80,10,62,0.437500
80,10,62,0.462500
80,10,62,0.487500
80,10,62,0.475000
80,10,62,0.462500
80,20,7,0.587500
80,20,7,0.625000
80,20,7,0.612500
80,20,7,0.650000
80,20,7,0.562500
80,20,12,0.625000
80,20,12,0.637500
80,20,12,0.587500
80,20,12,0.612500
80,20,12,0.500000
80,20,24,0.625000
80,20,24,0.675000
80,20,24,0.650000
80,20,24,0.637500
80,20,24,0.612500
80,20,31,0.650000
80,20,31,0.625000
80,20,31,0.562500
80,20,31,0.600000
80,20,31,0.562500
80,20,36,0.637500
80,20,36,0.637500
80,20,36,0.662500
80,20,36,0.650000
80,20,36,0.612500
80,20,42,0.712500
80,20,42,0.650000
80,20,42,0.687500
80,20,42,0.550000
80,20,42,0.600000
80,20,48,0.662500
80,20,48,0.712500
80,20,48,0.650000
80,20,48,0.612500
80,20,48,0.650000
80,20,54,0.575000
80,20,54,0.600000
80,20,54,0.612500
80,20,54,0.637500
80,20,54,0.525000
80,20,59,0.650000
80,20,59,0.687500
80,20,59,0.525000
80,20,59,0.637500
80,20,59,0.612500
80,20,62,0.537500
80,20,62,0.650000
80,20,62,0.625000
80,20,62,0.662500
80,20,62,0.637500
80,30,7,0.712500
80,30,7,0.775000
80,30,7,0.825000
80,30,7,0.800000
80,30,7,0.725000
80,30,12,0.787500
80,30,12,0.787500
80,30,12,0.800000
80,30,12,0.712500
80,30,12,0.675000
80,30,24,0.737500
80,30,24,0.737500
80,30,24,0.837500
80,30,24,0.775000
80,30,24,0.762500
80,30,31,0.775000
80,30,31,0.775000
80,30,31,0.775000
80,30,31,0.762500
80,30,31,0.775000
80,30,36,0.737500
80,30,36,0.775000
80,30,36,0.787500
80,30,36,0.775000
80,30,36,0.737500
80,30,42,0.662500
80,30,42,0.775000
80,30,42,0.837500
80,30,42,0.725000
80,30,42,0.675000
80,30,48,0.712500
80,30,48,0.762500
80,30,48,0.737500
80,30,48,0.850000
80,30,48,0.775000
80,30,54,0.800000
80,30,54,0.775000
80,30,54,0.775000
80,30,54,0.750000
80,30,54,0.750000
80,30,59,0.762500
80,30,59,0.775000
80,30,59,0.737500
80,30,59,0.762500
80,30,59,0.700000
80,30,62,0.725000
80,30,62,0.812500
80,30,62,0.750000
80,30,62,0.825000
80,30,62,0.750000
80,40,7,0.800000
80,40,7,0.912500
80,40,7,0.862500
80,40,7,0.862500
80,40,7,0.800000
80,40,12,0.875000
80,40,12,0.887500
80,40,12,0.850000
80,40,12,0.887500
80,40,12,0.875000
80,40,24,0.925000
80,40,24,0.900000
80,40,24,0.850000
80,40,24,0.875000
80,40,24,0.875000
80,40,31,0.850000
80,40,31,0.900000
80,40,31,0.875000
80,40,31,0.937500
80,40,31,0.912500
80,40,36,0.937500
80,40,36,0.887500
80,40,36,0.937500
80,40,36,0.875000
80,40,36,0.837500
80,40,42,0.900000
80,40,42,0.925000
80,40,42,0.837500
80,40,42,0.925000
80,40,42,0.737500
80,40,48,0.862500
80,40,48,0.875000
80,40,48,0.887500
80,40,48,0.812500
80,40,48,0.875000
80,40,54,0.862500
80,40,54,0.925000
80,40,54,0.875000
80,40,54,0.887500
80,40,54,0.862500
80,40,59,0.900000
80,40,59,0.912500
80,40,59,0.887500
80,40,59,0.925000
80,40,59,0.875000
80,40,62,0.875000
80,40,62,0.900000
80,40,62,0.800000
80,40,62,0.900000
80,40,62,0.837500
80,50,7,0.950000
80,50,7,0.950000
80,50,7,0.950000
80,50,7,0.975000
80,50,7,0.950000
80,50,12,0.937500
80,50,12,0.950000
80,50,12,0.987500
80,50,12,1.000000
80,50,12,0.937500
80,50,24,0.975000
80,50,24,0.950000
80,50,24,0.975000
80,50,24,0.987500
80,50,24,0.950000
80,50,31,0.937500
80,50,31,0.987500
80,50,31,0.975000
80,50,31,0.900000
80,50,31,0.962500
80,50,36,0.950000
80,50,36,0.962500
80,50,36,0.987500
80,50,36,0.962500
80,50,36,0.987500
80,50,42,0.962500
80,50,42,0.962500
80,50,42,0.887500
80,50,42,0.962500
80,50,42,0.912500
80,50,48,0.975000
80,50,48,0.925000
80,50,48,0.987500
80,50,48,0.962500
80,50,48,0.937500
80,50,54,0.975000
80,50,54,0.950000
80,50,54,0.950000
80,50,54,0.975000
80,50,54,0.925000
80,50,59,0.925000
80,50,59,0.962500
80,50,59,0.950000
80,50,59,0.912500
80,50,59,0.975000
80,50,62,0.925000
80,50,62,0.950000
80,50,62,0.925000
80,50,62,0.975000
80,50,62,0.900000
90,10,7,0.478500
90,10,7,0.556000
90,10,7,0.522000
90,10,7,0.476500
90,10,7,0.398000
90,10,12,0.455500
90,10,12,0.511500
90,10,12,0.522500
90,10,12,0.419000
90,10,12,0.466000
90,10,24,0.478500
90,10,24,0.455500
90,10,24,0.489500
90,10,24,0.488000
90,10,24,0.420500
90,10,31,0.511500
90,10,31,0.511000
90,10,31,0.478000
90,10,31,0.498500
90,10,31,0.455500
90,10,36,0.511000
90,10,36,0.500000
90,10,36,0.499500
90,10,36,0.466000
90,10,36,0.421500
90,10,42,0.432500
90,10,42,0.508500
90,10,42,0.522000
90,10,42,0.499000
90,10,42,0.443000
90,10,48,0.477500
90,10,48,0.545500
90,10,48,0.511000
90,10,48,0.431500
90,10,48,0.431500
90,10,54,0.500500
90,10,54,0.467500
90,10,54,0.534000
90,10,54,0.487000
90,10,54,0.400000
90,10,59,0.522000
90,10,59,0.467500
90,10,59,0.555000
90,10,59,0.454000
90,10,59,0.465000
90,10,62,0.411500
90,10,62,0.455500
90,10,62,0.478000
90,10,62,0.498000
90,10,62,0.421000
90,20,7,0.557000
90,20,7,0.644000
90,20,7,0.600000
90,20,7,0.654000
90,20,7,0.543500
90,20,12,0.577500
90,20,12,0.633000
90,20,12,0.577500
90,20,12,0.622000
90,20,12,0.544500
90,20,24,0.544500
90,20,24,0.634500
90,20,24,0.533500
90,20,24,0.611000
90,20,24,0.588000
90,20,31,0.611500
90,20,31,0.643500
90,20,31,0.512500
90,20,31,0.566000
90,20,31,0.566000
90,20,36,0.611000
90,20,36,0.589000
90,20,36,0.590000
90,20,36,0.643500
90,20,36,0.554000
90,20,42,0.610000
90,20,42,0.655500
90,20,42,0.700000
90,20,42,0.600000
90,20,42,0.544500
90,20,48,0.577500
90,20,48,0.589000
90,20,48,0.556000
90,20,48,0.599000
90,20,48,0.524500
90,20,54,0.577500
90,20,54,0.644000
90,20,54,0.578000
90,20,54,0.588000
90,20,54,0.510000
90,20,59,0.591000
90,20,59,0.655000
90,20,59,0.598000
90,20,59,0.587500
90,20,59,0.568000
90,20,62,0.554500
90,20,62,0.622000
90,20,62,0.600000
90,20,62,0.645000
90,20,62,0.588500
90,30,7,0.712500
90,30,7,0.711500
90,30,7,0.788500
90,30,7,0.789500
90,30,7,0.699500
90,30,12,0.677500
90,30,12,0.711000
90,30,12,0.711500
90,30,12,0.688000
90,30,12,0.689500
90,30,24,0.723000
90,30,24,0.655500
90,30,24,0.824000
90,30,24,0.699500
90,30,24,0.689000
90,30,31,0.733000
90,30,31,0.688000
90,30,31,0.722000
90,30,31,0.733500
90,30,31,0.687500
90,30,36,0.712500
90,30,36,0.766000
90,30,36,0.743000
90,30,36,0.732500
90,30,36,0.666500
90,30,42,0.733500
90,30,42,0.766000
90,30,42,0.790500
90,30,42,0.676000
90,30,42,0.675500
90,30,48,0.634000
90,30,48,0.733500
90,30,48,0.756500
90,30,48,0.689000
90,30,48,0.711500
90,30,54,0.722500
90,30,54,0.799000
90,30,54,0.700500
90,30,54,0.655500
90,30,54,0.655000
90,30,59,0.689500
90,30,59,0.711000
90,30,59,0.643000
90,30,59,0.689500
90,30,59,0.600500
90,30,62,0.733500
90,30,62,0.766000
90,30,62,0.790500
90,30,62,0.709500
90,30,62,0.655000
90,40,7,0.776500
90,40,7,0.922000
90,40,7,0.811000
90,40,7,0.800000
90,40,7,0.756000
90,40,12,0.823000
90,40,12,0.822500
90,40,12,0.811500
90,40,12,0.833000
90,40,12,0.812000
90,40,24,0.877500
90,40,24,0.933500
90,40,24,0.801000
90,40,24,0.867500
90,40,24,0.822500
90,40,31,0.743500
90,40,31,0.855000
90,40,31,0.845000
90,40,31,0.888500
90,40,31,0.833500
90,40,36,0.888500
90,40,36,0.933500
90,40,36,0.911000
90,40,36,0.722500
90,40,36,0.777500
90,40,42,0.831500
90,40,42,0.878500
90,40,42,0.789000
90,40,42,0.899500
90,40,42,0.709500
90,40,48,0.811000
90,40,48,0.810000
90,40,48,0.856000
90,40,48,0.788500
90,40,48,0.778500
90,40,54,0.844000
90,40,54,0.867000
90,40,54,0.856000
90,40,54,0.821500
90,40,54,0.768000
90,40,59,0.845500
90,40,59,0.832500
90,40,59,0.810500
90,40,59,0.833000
90,40,59,0.833500
90,40,62,0.845500
90,40,62,0.933000
90,40,62,0.788000
90,40,62,0.878000
90,40,62,0.855500
90,50,7,0.899000
90,50,7,0.933000
90,50,7,0.900500
90,50,7,0.933500
90,50,7,0.966000
90,50,12,0.878000
90,50,12,0.910000
90,50,12,0.900500
90,50,12,0.966500
90,50,12,0.933000
90,50,24,0.889000
90,50,24,0.934000
90,50,24,0.933000
90,50,24,0.945000
90,50,24,0.900000
90,50,31,0.932500
90,50,31,0.932500
90,50,31,0.978000
90,50,31,0.867000
90,50,31,0.912000
90,50,36,0.878500
90,50,36,0.889500
90,50,36,0.933500
90,50,36,0.911500
90,50,36,0.921000
90,50,42,0.910500
90,50,42,0.911000
90,50,42,0.843500
90,50,42,0.956000
90,50,42,0.901000
90,50,48,0.955500
90,50,48,0.922500
90,50,48,0.989000
90,50,48,0.911500
90,50,48,0.922000
90,50,54,0.944000
90,50,54,0.922000
90,50,54,0.933000
90,50,54,0.922500
90,50,54,0.900500
90,50,59,0.943500
90,50,59,0.933000
90,50,59,0.922500
90,50,59,0.911000
90,50,59,0.966000
90,50,62,0.800000
90,50,62,0.911000
90,50,62,0.822500
90,50,62,0.899500
90,50,62,0.911500
100,10,7,0.450000
100,10,7,0.490000
100,10,7,0.460000
100,10,7,0.480000
100,10,7,0.430000
100,10,12,0.400000
100,10,12,0.520000
100,10,12,0.450000
100,10,12,0.450000
100,10,12,0.500000
100,10,24,0.400000
100,10,24,0.410000
100,10,24,0.410000
100,10,24,0.440000
100,10,24,0.430000
100,10,31,0.460000
100,10,31,0.420000
100,10,31,0.500000
100,10,31,0.470000
100,10,31,0.420000
100,10,36,0.490000
100,10,36,0.460000
100,10,36,0.520000
100,10,36,0.490000
100,10,36,0.420000
100,10,42,0.380000
100,10,42,0.440000
100,10,42,0.460000
100,10,42,0.430000
100,10,42,0.460000
100,10,48,0.440000
100,10,48,0.470000
100,10,48,0.440000
100,10,48,0.390000
100,10,48,0.460000
100,10,54,0.460000
100,10,54,0.460000
100,10,54,0.440000
100,10,54,0.430000
100,10,54,0.430000
100,10,59,0.480000
100,10,59,0.470000
100,10,59,0.560000
100,10,59,0.410000
100,10,59,0.450000
100,10,62,0.350000
100,10,62,0.450000
100,10,62,0.460000
100,10,62,0.410000
100,10,62,0.390000
100,20,7,0.500000
100,20,7,0.630000
100,20,7,0.610000
100,20,7,0.540000
100,20,7,0.490000
100,20,12,0.590000
100,20,12,0.610000
100,20,12,0.560000
100,20,12,0.590000
100,20,12,0.530000
100,20,24,0.490000
100,20,24,0.590000
100,20,24,0.540000
100,20,24,0.530000
100,20,24,0.580000
100,20,31,0.640000
100,20,31,0.610000
100,20,31,0.510000
100,20,31,0.530000
100,20,31,0.510000
100,20,36,0.540000
100,20,36,0.560000
100,20,36,0.570000
100,20,36,0.630000
100,20,36,0.560000
100,20,42,0.510000
100,20,42,0.560000
100,20,42,0.620000
100,20,42,0.620000
100,20,42,0.520000
100,20,48,0.510000
100,20,48,0.620000
100,20,48,0.610000
100,20,48,0.600000
100,20,48,0.540000
100,20,54,0.520000
100,20,54,0.490000
100,20,54,0.560000
100,20,54,0.610000
100,20,54,0.520000
100,20,59,0.540000
100,20,59,0.600000
100,20,59,0.590000
100,20,59,0.570000
100,20,59,0.530000
100,20,62,0.450000
100,20,62,0.580000
100,20,62,0.550000
100,20,62,0.610000
100,20,62,0.550000
100,30,7,0.690000
100,30,7,0.680000
100,30,7,0.740000
100,30,7,0.750000
100,30,7,0.730000
100,30,12,0.630000
100,30,12,0.680000
100,30,12,0.710000
100,30,12,0.710000
100,30,12,0.690000
100,30,24,0.660000
100,30,24,0.650000
100,30,24,0.710000
100,30,24,0.700000
100,30,24,0.690000
100,30,31,0.590000
100,30,31,0.710000
100,30,31,0.680000
100,30,31,0.630000
100,30,31,0.650000
100,30,36,0.730000
100,30,36,0.690000
100,30,36,0.700000
100,30,36,0.690000
100,30,36,0.650000
100,30,42,0.670000
100,30,42,0.710000
100,30,42,0.710000
100,30,42,0.690000
100,30,42,0.640000
100,30,48,0.590000
100,30,48,0.690000
100,30,48,0.680000
100,30,48,0.680000
100,30,48,0.680000
100,30,54,0.710000
100,30,54,0.690000
100,30,54,0.680000
100,30,54,0.600000
100,30,54,0.660000
100,30,59,0.630000
100,30,59,0.680000
100,30,59,0.650000
100,30,59,0.660000
100,30,59,0.650000
100,30,62,0.660000
100,30,62,0.730000
100,30,62,0.690000
100,30,62,0.750000
100,30,62,0.640000
100,40,7,0.660000
100,40,7,0.810000
100,40,7,0.790000
100,40,7,0.750000
100,40,7,0.740000
100,40,12,0.780000
100,40,12,0.860000
100,40,12,0.780000
100,40,12,0.780000
100,40,12,0.750000
100,40,24,0.740000
100,40,24,0.850000
100,40,24,0.740000
100,40,24,0.800000
100,40,24,0.740000
100,40,31,0.760000
100,40,31,0.870000
100,40,31,0.780000
100,40,31,0.780000
100,40,31,0.780000
100,40,36,0.780000
100,40,36,0.810000
100,40,36,0.820000
100,40,36,0.820000
100,40,36,0.830000
100,40,42,0.820000
100,40,42,0.790000
100,40,42,0.760000
100,40,42,0.770000
100,40,42,0.750000
100,40,48,0.770000
100,40,48,0.770000
100,40,48,0.760000
100,40,48,0.710000
100,40,48,0.770000
100,40,54,0.770000
100,40,54,0.830000
100,40,54,0.740000
100,40,54,0.800000
100,40,54,0.720000
100,40,59,0.790000
100,40,59,0.760000
100,40,59,0.770000
100,40,59,0.780000
100,40,59,0.760000
100,40,62,0.800000
100,40,62,0.790000
100,40,62,0.740000
100,40,62,0.760000
100,40,62,0.770000
100,50,7,0.890000
100,50,7,0.910000
100,50,7,0.880000
100,50,7,0.850000
100,50,7,0.920000
100,50,12,0.780000
100,50,12,0.840000
100,50,12,0.850000
100,50,12,0.930000
100,50,12,0.850000
100,50,24,0.880000
100,50,24,0.860000
100,50,24,0.850000
100,50,24,0.900000
100,50,24,0.850000
100,50,31,0.870000
100,50,31,0.820000
100,50,31,0.890000
100,50,31,0.860000
100,50,31,0.830000
100,50,36,0.840000
100,50,36,0.870000
100,50,36,0.890000
100,50,36,0.910000
100,50,36,0.920000
100,50,42,0.790000
100,50,42,0.880000
100,50,42,0.850000
100,50,42,0.900000
100,50,42,0.910000
100,50,48,0.910000
100,50,48,0.870000
100,50,48,0.890000
100,50,48,0.860000
100,50,48,0.880000
100,50,54,0.820000
100,50,54,0.870000
100,50,54,0.840000
100,50,54,0.830000
100,50,54,0.840000
100,50,59,0.870000
100,50,59,0.860000
100,50,59,0.880000
100,50,59,0.870000
100,50,59,0.860000
100,50,62,0.820000
100,50,62,0.840000
100,50,62,0.780000
100,50,62,0.910000
100,50,62,0.860000
110,10,7,0.483500
110,10,7,0.509000
110,10,7,0.410500
110,10,7,0.483000
110,10,7,0.373500
110,10,12,0.436500
110,10,12,0.482000
110,10,12,0.474000
110,10,12,0.356000
110,10,12,0.398000
110,10,24,0.426000
110,10,24,0.337000
110,10,24,0.444500
110,10,24,0.389500
110,10,24,0.382000
110,10,31,0.418000
110,10,31,0.408000
110,10,31,0.482500
110,10,31,0.484000
110,10,31,0.399500
110,10,36,0.473000
110,10,36,0.372000
110,10,36,0.498000
110,10,36,0.481500
110,10,36,0.427000
110,10,42,0.400500
110,10,42,0.399500
110,10,42,0.445500
110,10,42,0.464000
110,10,42,0.472500
110,10,48,0.436500
110,10,48,0.436000
110,10,48,0.464000
110,10,48,0.392500
110,10,48,0.400500
110,10,54,0.436500
110,10,54,0.427000
110,10,54,0.436500
110,10,54,0.473000
110,10,54,0.444500
110,10,59,0.445500
110,10,59,0.453500
110,10,59,0.483000
110,10,59,0.436500
110,10,59,0.464000
110,10,62,0.363500
110,10,62,0.445500
110,10,62,0.489500
110,10,62,0.445000
110,10,62,0.400500
110,20,7,0.537000
110,20,7,0.589500
110,20,7,0.590000
110,20,7,0.563000
110,20,7,0.492000
110,20,12,0.527500
110,20,12,0.571500
110,20,12,0.537000
110,20,12,0.564000
110,20,12,0.564500
110,20,24,0.534500
110,20,24,0.499500
110,20,24,0.516500
110,20,24,0.517500
110,20,24,0.581000
110,20,31,0.536000
110,20,31,0.536000
110,20,31,0.408000
110,20,31,0.589500
110,20,31,0.518500
110,20,36,0.563500
110,20,36,0.471500
110,20,36,0.555500
110,20,36,0.609500
110,20,36,0.518500
110,20,42,0.526000
110,20,42,0.562500
110,20,42,0.571500
110,20,42,0.581500
110,20,42,0.527000
110,20,48,0.590500
110,20,48,0.546500
110,20,48,0.555500
110,20,48,0.545000
110,20,48,0.509000
110,20,54,0.508500
110,20,54,0.463500
110,20,54,0.561500
110,20,54,0.545000
110,20,54,0.501000
110,20,59,0.499500
110,20,59,0.554000
110,20,59,0.554500
110,20,59,0.573500
110,20,59,0.507500
110,20,62,0.520000
110,20,62,0.581500
110,20,62,0.553500
110,20,62,0.563000
110,20,62,0.461500
110,30,7,0.627000
110,30,7,0.636000
110,30,7,0.727000
110,30,7,0.654000
110,30,7,0.683000
110,30,12,0.590000
110,30,12,0.635000
110,30,12,0.627500
110,30,12,0.664000
110,30,12,0.681500
110,30,24,0.591500
110,30,24,0.610000
110,30,24,0.700000
110,30,24,0.611500
110,30,24,0.627000
110,30,31,0.562000
110,30,31,0.692000
110,30,31,0.555000
110,30,31,0.647000
110,30,31,0.572500
110,30,36,0.700500
110,30,36,0.708500
110,30,36,0.664000
110,30,36,0.654000
110,30,36,0.670500
110,30,42,0.554500
110,30,42,0.699500
110,30,42,0.718000
110,30,42,0.674000
110,30,42,0.599500
110,30,48,0.599500
110,30,48,0.673000
110,30,48,0.608500
110,30,48,0.674000
110,30,48,0.652500
110,30,54,0.672000
110,30,54,0.644000
110,30,54,0.626500
110,30,54,0.598500
110,30,54,0.627000
110,30,59,0.609000
110,30,59,0.682000
110,30,59,0.646500
110,30,59,0.636000
110,30,59,0.627000
110,30,62,0.573000
110,30,62,0.699000
110,30,62,0.672500
110,30,62,0.726000
110,30,62,0.572000
110,40,7,0.645000
110,40,7,0.772500
110,40,7,0.736000
110,40,7,0.745000
110,40,7,0.699500
110,40,12,0.753500
110,40,12,0.762000
110,40,12,0.797500
110,40,12,0.756000
110,40,12,0.709500
110,40,24,0.682000
110,40,24,0.808000
110,40,24,0.673000
110,40,24,0.728000
110,40,24,0.762000
110,40,31,0.745000
110,40,31,0.754500
110,40,31,0.737000
110,40,31,0.774000
110,40,31,0.681000
110,40,36,0.782500
110,40,36,0.772000
110,40,36,0.728000
110,40,36,0.754500
110,40,36,0.772500
110,40,42,0.764000
110,40,42,0.773500
110,40,42,0.709000
110,40,42,0.727000
110,40,42,0.674000
110,40,48,0.728000
110,40,48,0.763000
110,40,48,0.718500
110,40,48,0.726000
110,40,48,0.664000
110,40,54,0.718500
110,40,54,0.709000
110,40,54,0.726000
110,40,54,0.746500
110,40,54,0.700000
110,40,59,0.736500
110,40,59,0.744000
110,40,59,0.744500
110,40,59,0.745500
110,40,59,0.691500
110,40,62,0.707500
110,40,62,0.709500
110,40,62,0.707500
110,40,62,0.755500
110,40,62,0.718000
110,50,7,0.799000
110,50,7,0.837000
110,50,7,0.800000
110,50,7,0.863500
110,50,7,0.845500
110,50,12,0.782500
110,50,12,0.827500
110,50,12,0.862500
110,50,12,0.927000
110,50,12,0.836500
110,50,24,0.836000
110,50,24,0.807500
110,50,24,0.845000
110,50,24,0.882500
110,50,24,0.809500
110,50,31,0.754500
110,50,31,0.828000
110,50,31,0.808000
110,50,31,0.762500
110,50,31,0.808500
110,50,36,0.818000
110,50,36,0.818500
110,50,36,0.818500
110,50,36,0.845500
110,50,36,0.854500
110,50,42,0.800000
110,50,42,0.782000
110,50,42,0.764500
110,50,42,0.854000
110,50,42,0.843500
110,50,48,0.891500
110,50,48,0.846000
110,50,48,0.835500
110,50,48,0.863500
110,50,48,0.828000
110,50,54,0.846000
110,50,54,0.782000
110,50,54,0.755000
110,50,54,0.790500
110,50,54,0.826500
110,50,59,0.828000
110,50,59,0.809000
110,50,59,0.770000
110,50,59,0.837000
110,50,59,0.854500
110,50,62,0.745000
110,50,62,0.789000
110,50,62,0.782000
110,50,62,0.890500
110,50,62,0.819000
120,10,7,0.391000
120,10,7,0.475500
120,10,7,0.367000
120,10,7,0.441000
120,10,7,0.366000
120,10,12,0.416000
120,10,12,0.443000
120,10,12,0.457500
120,10,12,0.365000
120,10,12,0.425500
120,10,24,0.409000
120,10,24,0.349500
120,10,24,0.432500
120,10,24,0.424000
120,10,24,0.358000
120,10,31,0.391000
120,10,31,0.409000
120,10,31,0.449500
120,10,31,0.431500
120,10,31,0.434000
120,10,36,0.457500
120,10,36,0.409500
120,10,36,0.501000
120,10,36,0.416500
120,10,36,0.384000
120,10,42,0.426000
120,10,42,0.407500
120,10,42,0.442500
120,10,42,0.441000
120,10,42,0.416500
120,10,48,0.450500
120,10,48,0.400500
120,10,48,0.457500
120,10,48,0.408000
120,10,48,0.399000
120,10,54,0.467000
120,10,54,0.477000
120,10,54,0.423500
120,10,54,0.424000
120,10,54,0.367000
120,10,59,0.433000
120,10,59,0.444000
120,10,59,0.416500
120,10,59,0.391000
120,10,59,0.357500
120,10,62,0.374500
120,10,62,0.399500
120,10,62,0.410000
120,10,62,0.434500
120,10,62,0.408000
120,20,7,0.549000
120,20,7,0.526500
120,20,7,0.491000
120,20,7,0.534000
120,20,7,0.514000
120,20,12,0.483000
120,20,12,0.568000
120,20,12,0.450000
120,20,12,0.481500
120,20,12,0.490500
120,20,24,0.532500
120,20,24,0.508000
120,20,24,0.491500
120,20,24,0.509000
120,20,24,0.542000
120,20,31,0.541000
120,20,31,0.526500
120,20,31,0.474000
120,20,31,0.540500
120,20,31,0.489500
120,20,36,0.556500
120,20,36,0.509000
120,20,36,0.540500
120,20,36,0.574000
120,20,36,0.466000
120,20,42,0.557000
120,20,42,0.499000
120,20,42,0.492000
120,20,42,0.524500
120,20,42,0.516500
120,20,48,0.556500
120,20,48,0.574500
120,20,48,0.499000
120,20,48,0.506500
120,20,48,0.466500
120,20,54,0.516000
120,20,54,0.492000
120,20,54,0.542500
120,20,54,0.540000
120,20,54,0.517000
120,20,59,0.567000
120,20,59,0.500000
120,20,59,0.471000
120,20,59,0.516500
120,20,59,0.517500
120,20,62,0.514500
120,20,62,0.590500
120,20,62,0.493000
120,20,62,0.541500
120,20,62,0.483000
120,30,7,0.566500
120,30,7,0.585000
120,30,7,0.584500
120,30,7,0.598000
120,30,7,0.634000
120,30,12,0.623500
120,30,12,0.631000
120,30,12,0.583500
120,30,12,0.633500
120,30,12,0.613500
120,30,24,0.606500
120,30,24,0.567000
120,30,24,0.633500
120,30,24,0.622000
120,30,24,0.591000
120,30,31,0.583000
120,30,31,0.609500
120,30,31,0.566000
120,30,31,0.624000
120,30,31,0.550000
120,30,36,0.666500
120,30,36,0.626000
120,30,36,0.617500
120,30,36,0.605500
120,30,36,0.690000
120,30,42,0.589000
120,30,42,0.683000
120,30,42,0.667000
120,30,42,0.599500
120,30,42,0.548000
120,30,48,0.564500
120,30,48,0.533500
120,30,48,0.626000
120,30,48,0.624000
120,30,48,0.610000
120,30,54,0.668000
120,30,54,0.649000
120,30,54,0.582000
120,30,54,0.532500
120,30,54,0.650500
120,30,59,0.600500
120,30,59,0.600000
120,30,59,0.623000
120,30,59,0.607500
120,30,59,0.559000
120,30,62,0.490500
120,30,62,0.658000
120,30,62,0.608000
120,30,62,0.650000
120,30,62,0.551500
120,40,7,0.715500
120,40,7,0.733000
120,40,7,0.724000
120,40,7,0.725000
120,40,7,0.634000
120,40,12,0.683000
120,40,12,0.684500
120,40,12,0.726000
120,40,12,0.765000
120,40,12,0.725500
120,40,24,0.716500
120,40,24,0.692000
120,40,24,0.632000
120,40,24,0.681500
120,40,24,0.691000
120,40,31,0.682000
120,40,31,0.699500
120,40,31,0.648500
120,40,31,0.774000
120,40,31,0.699000
120,40,36,0.741000
120,40,36,0.775000
120,40,36,0.698500
120,40,36,0.734000
120,40,36,0.750500
120,40,42,0.749500
120,40,42,0.682500
120,40,42,0.684000
120,40,42,0.722500
120,40,42,0.608500
120,40,48,0.690000
120,40,48,0.733000
120,40,48,0.707500
120,40,48,0.689500
120,40,48,0.624000
120,40,54,0.707000
120,40,54,0.716500
120,40,54,0.633000
120,40,54,0.681000
120,40,54,0.675500
120,40,59,0.689500
120,40,59,0.684500
120,40,59,0.692000
120,40,59,0.632000
120,40,59,0.633000
120,40,62,0.676000
120,40,62,0.631500
120,40,62,0.724500
120,40,62,0.683500
120,40,62,0.634000
120,50,7,0.791500
120,50,7,0.783000
120,50,7,0.767500
120,50,7,0.765000
120,50,7,0.816500
120,50,12,0.772000
120,50,12,0.815500
120,50,12,0.791500
120,50,12,0.849500
120,50,12,0.733500
120,50,24,0.808000
120,50,24,0.792000
120,50,24,0.832500
120,50,24,0.849500
120,50,24,0.781500
120,50,31,0.781000
120,50,31,0.758500
120,50,31,0.793000
120,50,31,0.758500
120,50,31,0.775000
120,50,36,0.789000
120,50,36,0.782500
120,50,36,0.765500
120,50,36,0.800000
120,50,36,0.800000
120,50,42,0.798500
120,50,42,0.732500
120,50,42,0.690000
120,50,42,0.840500
120,50,42,0.750000
120,50,48,0.825000
120,50,48,0.749000
120,50,48,0.809000
120,50,48,0.807500
120,50,48,0.791500
120,50,54,0.774000
120,50,54,0.797000
120,50,54,0.726000
120,50,54,0.748500
120,50,54,0.733000
120,50,59,0.732500
120,50,59,0.773500
120,50,59,0.775500
120,50,59,0.774500
120,50,59,0.833500
120,50,62,0.691000
120,50,62,0.791000
120,50,62,0.807500
120,50,62,0.840500
120,50,62,0.749000
130,10,7,0.405500
130,10,7,0.431500
130,10,7,0.400500
130,10,7,0.430500
130,10,7,0.349500
130,10,12,0.400000
130,10,12,0.415500
130,10,12,0.354000
130,10,12,0.413500
130,10,12,0.401000
130,10,24,0.398500
130,10,24,0.345500
130,10,24,0.399500
130,10,24,0.409000
130,10,24,0.369500
130,10,31,0.437500
130,10,31,0.414000
130,10,31,0.446000
130,10,31,0.403000
130,10,31,0.393000
130,10,36,0.391500
130,10,36,0.422500
130,10,36,0.545500
130,10,36,0.446500
130,10,36,0.362000
130,10,42,0.383500
130,10,42,0.415500
130,10,42,0.393000
130,10,42,0.407000
130,10,42,0.385500
130,10,48,0.423000
130,10,48,0.407000
130,10,48,0.429500
130,10,48,0.455500
130,10,48,0.385500
130,10,54,0.437000
130,10,54,0.452500
130,10,54,0.407500
130,10,54,0.415500
130,10,54,0.378500
130,10,59,0.414000
130,10,59,0.445000
130,10,59,0.476500
130,10,59,0.400500
130,10,59,0.393000
130,10,62,0.390000
130,10,62,0.416000
130,10,62,0.445000
130,10,62,0.462500
130,10,62,0.383500
130,20,7,0.521500
130,20,7,0.501000
130,20,7,0.491500
130,20,7,0.567500
130,20,7,0.454000
130,20,12,0.476500
130,20,12,0.546500
130,20,12,0.452500
130,20,12,0.506000
130,20,12,0.485500
130,20,24,0.490000
130,20,24,0.546500
130,20,24,0.491000
130,20,24,0.485500
130,20,24,0.471000
130,20,31,0.515000
130,20,31,0.506500
130,20,31,0.454000
130,20,31,0.525000
130,20,31,0.478000
130,20,36,0.499500
130,20,36,0.500500
130,20,36,0.519500
130,20,36,0.593000
130,20,36,0.509000
130,20,42,0.568500
130,20,42,0.501000
130,20,42,0.460000
130,20,42,0.507500
130,20,42,0.470500
130,20,48,0.484000
130,20,48,0.493500
130,20,48,0.469000
130,20,48,0.528000
130,20,48,0.513000
130,20,54,0.522000
130,20,54,0.477500
130,20,54,0.507500
130,20,54,0.516000
130,20,54,0.485500
130,20,59,0.500000
130,20,59,0.468000
130,20,59,0.506000
130,20,59,0.467500
130,20,59,0.515500
130,20,62,0.554000
130,20,62,0.576500
130,20,62,0.459500
130,20,62,0.493500
130,20,62,0.423500
130,30,7,0.560500
130,30,7,0.597500
130,30,7,0.599000
130,30,7,0.590000
130,30,7,0.594500
130,30,12,0.575000
130,30,12,0.677500
130,30,12,0.575000
130,30,12,0.624000
130,30,12,0.599000
130,30,24,0.568500
130,30,24,0.562000
130,30,24,0.581500
130,30,24,0.606500
130,30,24,0.601500
130,30,31,0.591500
130,30,31,0.606000
130,30,31,0.622000
130,30,31,0.559500
130,30,31,0.570500
130,30,36,0.676500
130,30,36,0.609500
130,30,36,0.584000
130,30,36,0.577500
130,30,36,0.601000
130,30,42,0.590000
130,30,42,0.664000
130,30,42,0.615000
130,30,42,0.598500
130,30,42,0.570500
130,30,48,0.530500
130,30,48,0.545500
130,30,48,0.630500
130,30,48,0.639500
130,30,48,0.601000
130,30,54,0.643500
130,30,54,0.632500
130,30,54,0.604500
130,30,54,0.540500
130,30,54,0.554000
130,30,59,0.591500
130,30,59,0.599500
130,30,59,0.580500
130,30,59,0.607000
130,30,59,0.515000
130,30,62,0.530500
130,30,62,0.591000
130,30,62,0.590000
130,30,62,0.607000
130,30,62,0.515000
130,40,7,0.650500
130,40,7,0.676000
130,40,7,0.668000
130,40,7,0.684500
130,40,7,0.646500
130,40,12,0.590000
130,40,12,0.662500
130,40,12,0.715500
130,40,12,0.692500
130,40,12,0.625000
130,40,24,0.661000
130,40,24,0.685500
130,40,24,0.665500
130,40,24,0.637500
130,40,24,0.685000
130,40,31,0.667500
130,40,31,0.675000
130,40,31,0.691000
130,40,31,0.739000
130,40,31,0.676000
130,40,36,0.722500
130,40,36,0.716000
130,40,36,0.689000
130,40,36,0.683000
130,40,36,0.633000
130,40,42,0.709500
130,40,42,0.637500
130,40,42,0.628000
130,40,42,0.706000
130,40,42,0.623000
130,40,48,0.713000
130,40,48,0.715500
130,40,48,0.646500
130,40,48,0.675500
130,40,48,0.586000
130,40,54,0.706000
130,40,54,0.675000
130,40,54,0.645000
130,40,54,0.697500
130,40,54,0.623000
130,40,59,0.645000
130,40,59,0.640500
130,40,59,0.669500
130,40,59,0.616000
130,40,59,0.600000
130,40,62,0.604500
130,40,62,0.645500
130,40,62,0.731000
130,40,62,0.668000
130,40,62,0.606500
130,50,7,0.776000
130,50,7,0.714500
130,50,7,0.767000
130,50,7,0.783500
130,50,7,0.768000
130,50,12,0.729000
130,50,12,0.752500
130,50,12,0.777500
130,50,12,0.809500
130,50,12,0.721500
130,50,24,0.775500
130,50,24,0.722500
130,50,24,0.766500
130,50,24,0.867000
130,50,24,0.713500
130,50,31,0.767000
130,50,31,0.721500
130,50,31,0.785000
130,50,31,0.676000
130,50,31,0.784000
130,50,36,0.767000
130,50,36,0.721000
130,50,36,0.753500
130,50,36,0.744000
130,50,36,0.777000
130,50,42,0.706000
130,50,42,0.762000
130,50,42,0.720500
130,50,42,0.785500
130,50,42,0.700000
130,50,48,0.760500
130,50,48,0.769000
130,50,48,0.791500
130,50,48,0.800500
130,50,48,0.767500
130,50,54,0.745500
130,50,54,0.738500
130,50,54,0.747000
130,50,54,0.768500
130,50,54,0.716000
130,50,59,0.743500
130,50,59,0.747000
130,50,59,0.776000
130,50,59,0.738500
130,50,59,0.784000
130,50,62,0.629500
130,50,62,0.761500
130,50,62,0.705000
130,50,62,0.800000
130,50,62,0.691000
140,10,7,0.444000
140,10,7,0.473000
140,10,7,0.379000
140,10,7,0.423500
140,10,7,0.358000
140,10,12,0.356500
140,10,12,0.458000
140,10,12,0.365500
140,10,12,0.394000
140,10,12,0.420000
140,10,24,0.441500
140,10,24,0.358500
140,10,24,0.405500
140,10,24,0.371500
140,10,24,0.313000
140,10,31,0.392000
140,10,31,0.458000
140,10,31,0.407500
140,10,31,0.430500
140,10,31,0.391000
140,10,36,0.437000
140,10,36,0.428500
140,10,36,0.483000
140,10,36,0.458000
140,10,36,0.335000
140,10,42,0.449500
140,10,42,0.401000
140,10,42,0.414500
140,10,42,0.378500
140,10,42,0.407500
140,10,48,0.369000
140,10,48,0.406000
140,10,48,0.387000
140,10,48,0.450500
140,10,48,0.392500
140,10,54,0.436000
140,10,54,0.436500
140,10,54,0.407000
140,10,54,0.428500
140,10,54,0.371000
140,10,59,0.415500
140,10,59,0.441500
140,10,59,0.334000
140,10,59,0.429500
140,10,59,0.371000
140,10,62,0.413500
140,10,62,0.428500
140,10,62,0.370500
140,10,62,0.443000
140,10,62,0.321500
140,20,7,0.520500
140,20,7,0.461500
140,20,7,0.521000
140,20,7,0.535000
140,20,7,0.428500
140,20,12,0.442000
140,20,12,0.521000
140,20,12,0.464500
140,20,12,0.500500
140,20,12,0.454000
140,20,24,0.492000
140,20,24,0.478500
140,20,24,0.442500
140,20,24,0.484500
140,20,24,0.454500
140,20,31,0.450500
140,20,31,0.508000
140,20,31,0.450000
140,20,31,0.506500
140,20,31,0.465000
140,20,36,0.557000
140,20,36,0.420500
140,20,36,0.513500
140,20,36,0.563500
140,20,36,0.457000
140,20,42,0.522000
140,20,42,0.486500
140,20,42,0.470500
140,20,42,0.515000
140,20,42,0.491000
140,20,48,0.472000
140,20,48,0.479000
140,20,48,0.494000
140,20,48,0.507500
140,20,48,0.514000
140,20,54,0.485000
140,20,54,0.451000
140,20,54,0.505500
140,20,54,0.527500
140,20,54,0.422500
140,20,59,0.499000
140,20,59,0.466500
140,20,59,0.458000
140,20,59,0.465000
140,20,59,0.506500
140,20,62,0.536500
140,20,62,0.528500
140,20,62,0.465000
140,20,62,0.477000
140,20,62,0.419500
140,30,7,0.527000
140,30,7,0.537500
140,30,7,0.507000
140,30,7,0.523000
140,30,7,0.577000
140,30,12,0.585500
140,30,12,0.564000
140,30,12,0.593000
140,30,12,0.594500
140,30,12,0.576500
140,30,24,0.542500
140,30,24,0.507500
140,30,24,0.570000
140,30,24,0.565000
140,30,24,0.586000
140,30,31,0.594000
140,30,31,0.599500
140,30,31,0.549000
140,30,31,0.589000
140,30,31,0.553000
140,30,36,0.591500
140,30,36,0.586000
140,30,36,0.562500
140,30,36,0.565500
140,30,36,0.592500
140,30,42,0.550500
140,30,42,0.627000
140,30,42,0.606000
140,30,42,0.585500
140,30,42,0.594500
140,30,48,0.498000
140,30,48,0.493000
140,30,48,0.586000
140,30,48,0.606500
140,30,48,0.619500
140,30,54,0.571500
140,30,54,0.601000
140,30,54,0.579500
140,30,54,0.565000
140,30,54,0.578500
140,30,59,0.571000
140,30,59,0.578500
140,30,59,0.606500
140,30,59,0.579500
140,30,59,0.501000
140,30,62,0.521000
140,30,62,0.584000
140,30,62,0.576500
140,30,62,0.627500
140,30,62,0.490500
140,40,7,0.665000
140,40,7,0.627000
140,40,7,0.686000
140,40,7,0.598000
140,40,7,0.600000
140,40,12,0.584500
140,40,12,0.619500
140,40,12,0.676500
140,40,12,0.629000
140,40,12,0.622000
140,40,24,0.664500
140,40,24,0.620000
140,40,24,0.607000
140,40,24,0.650000
140,40,24,0.636000
140,40,31,0.665000
140,40,31,0.607500
140,40,31,0.600000
140,40,31,0.684000
140,40,31,0.635000
140,40,36,0.671000
140,40,36,0.669500
140,40,36,0.665000
140,40,36,0.648500
140,40,36,0.600000
140,40,42,0.668000
140,40,42,0.615000
140,40,42,0.685500
140,40,42,0.700500
140,40,42,0.650000
140,40,48,0.709000
140,40,48,0.715000
140,40,48,0.644500
140,40,48,0.707500
140,40,48,0.565000
140,40,54,0.627500
140,40,54,0.686000
140,40,54,0.629000
140,40,54,0.672000
140,40,54,0.634000
140,40,59,0.671000
140,40,59,0.676500
140,40,59,0.578500
140,40,59,0.635000
140,40,59,0.585000
140,40,62,0.614000
140,40,62,0.638000
140,40,62,0.649500
140,40,62,0.643000
140,40,62,0.570500
140,50,7,0.706500
140,50,7,0.664000
140,50,7,0.787500
140,50,7,0.735500
140,50,7,0.748500
140,50,12,0.744500
140,50,12,0.687500
140,50,12,0.741500
140,50,12,0.727000
140,50,12,0.743500
140,50,24,0.749500
140,50,24,0.693000
140,50,24,0.756000
140,50,24,0.794000
140,50,24,0.672000
140,50,31,0.757000
140,50,31,0.736000
140,50,31,0.679000
140,50,31,0.693500
140,50,31,0.736000
140,50,36,0.749000
140,50,36,0.670000
140,50,36,0.730000
140,50,36,0.706000
140,50,36,0.757000
140,50,42,0.758500
140,50,42,0.693000
140,50,42,0.672500
140,50,42,0.699000
140,50,42,0.719000
140,50,48,0.706000
140,50,48,0.772000
140,50,48,0.732500
140,50,48,0.700500
140,50,48,0.700000
140,50,54,0.679000
140,50,54,0.672000
140,50,54,0.655000
140,50,54,0.736000
140,50,54,0.727500
140,50,59,0.738000
140,50,59,0.694000
140,50,59,0.747500
140,50,59,0.693500
140,50,59,0.685500
140,50,62,0.636000
140,50,62,0.741500
140,50,62,0.743500
140,50,62,0.785000
140,50,62,0.678500
150,10,7,0.416500
150,10,7,0.406000
150,10,7,0.366500
150,10,7,0.417500
150,10,7,0.323500
150,10,12,0.372000
150,10,12,0.418500
150,10,12,0.366500
150,10,12,0.445500
150,10,12,0.395000
150,10,24,0.391000
150,10,24,0.370000
150,10,24,0.360500
150,10,24,0.368500
150,10,24,0.322000
150,10,31,0.359500
150,10,31,0.385500
150,10,31,0.374500
150,10,31,0.421000
150,10,31,0.441500
150,10,36,0.410500
150,10,36,0.405500
150,10,36,0.427500
150,10,36,0.427500
150,10,36,0.353500
150,10,42,0.412000
150,10,42,0.399000
150,10,42,0.407500
150,10,42,0.386000
150,10,42,0.413000
150,10,48,0.373500
150,10,48,0.380000
150,10,48,0.392500
150,10,48,0.439500
150,10,48,0.385500
150,10,54,0.384500
150,10,54,0.446500
150,10,54,0.379500
150,10,54,0.415500
150,10,54,0.374000
150,10,59,0.398000
150,10,59,0.400500
150,10,59,0.380000
150,10,59,0.407500
150,10,59,0.360000
150,10,62,0.372500
150,10,62,0.432500
150,10,62,0.380500
150,10,62,0.448500
150,10,62,0.339000
150,20,7,0.469000
150,20,7,0.487000
150,20,7,0.530500
150,20,7,0.507000
150,20,7,0.442000
150,20,12,0.445000
150,20,12,0.513000
150,20,12,0.471500
150,20,12,0.459000
150,20,12,0.435500
150,20,24,0.463500
150,20,24,0.500500
150,20,24,0.443500
150,20,24,0.492000
150,20,24,0.448000
150,20,31,0.504000
150,20,31,0.494000
150,20,31,0.439500
150,20,31,0.469500
150,20,31,0.467000
150,20,36,0.485000
150,20,36,0.481000
150,20,36,0.504500
150,20,36,0.521000
150,20,36,0.447500
150,20,42,0.472000
150,20,42,0.511500
150,20,42,0.445500
150,20,42,0.473000
150,20,42,0.460000
150,20,48,0.492500
150,20,48,0.527000
150,20,48,0.512000
150,20,48,0.461000
150,20,48,0.471500
150,20,54,0.452500
150,20,54,0.487500
150,20,54,0.453500
150,20,54,0.493500
150,20,54,0.394500
150,20,59,0.459500
150,20,59,0.505500
150,20,59,0.466000
150,20,59,0.474500
150,20,59,0.474000
150,20,62,0.464500
150,20,62,0.529000
150,20,62,0.466500
150,20,62,0.480500
150,20,62,0.453500
150,30,7,0.525500
150,30,7,0.552500
150,30,7,0.506000
150,30,7,0.492000
150,30,7,0.540500
150,30,12,0.545000
150,30,12,0.612000
150,30,12,0.517500
150,30,12,0.566500
150,30,12,0.625500
150,30,24,0.491000
150,30,24,0.518000
150,30,24,0.511500
150,30,24,0.525500
150,30,24,0.519500
150,30,31,0.591000
150,30,31,0.553000
150,30,31,0.539500
150,30,31,0.524000
150,30,31,0.525500
150,30,36,0.558500
150,30,36,0.607000
150,30,36,0.560500
150,30,36,0.552500
150,30,36,0.614000
150,30,42,0.550000
150,30,42,0.606500
150,30,42,0.557500
150,30,42,0.559000
150,30,42,0.539000
150,30,48,0.483500
150,30,48,0.500000
150,30,48,0.545500
150,30,48,0.553500
150,30,48,0.562500
150,30,54,0.528500
150,30,54,0.599000
150,30,54,0.603500
150,30,54,0.526500
150,30,54,0.514500
150,30,59,0.546000
150,30,59,0.538000
150,30,59,0.551000
150,30,59,0.564500
150,30,59,0.519500
150,30,62,0.519500
150,30,62,0.572500
150,30,62,0.583500
150,30,62,0.599500
150,30,62,0.447500
150,40,7,0.596500
150,40,7,0.641500
150,40,7,0.673000
150,40,7,0.572000
150,40,7,0.619500
150,40,12,0.579000
150,40,12,0.620500
150,40,12,0.621500
150,40,12,0.612500
150,40,12,0.567000
150,40,24,0.596500
150,40,24,0.581500
150,40,24,0.630000
150,40,24,0.591500
150,40,24,0.602000
150,40,31,0.619000
150,40,31,0.639500
150,40,31,0.533500
150,40,31,0.668000
150,40,31,0.546500
150,40,36,0.657500
150,40,36,0.674500
150,40,36,0.616500
150,40,36,0.645500
150,40,36,0.613500
150,40,42,0.582500
150,40,42,0.563500
150,40,42,0.545500
150,40,42,0.664000
150,40,42,0.558500
150,40,48,0.605000
150,40,48,0.706500
150,40,48,0.551000
150,40,48,0.659000
150,40,48,0.607000
150,40,54,0.618500
150,40,54,0.672500
150,40,54,0.607000
150,40,54,0.653000
150,40,54,0.594500
150,40,59,0.607500
150,40,59,0.688000
150,40,59,0.632000
150,40,59,0.588000
150,40,59,0.580000
150,40,62,0.657500
150,40,62,0.619500
150,40,62,0.653000
150,40,62,0.585000
150,40,62,0.551500
150,50,7,0.743000
150,50,7,0.706000
150,50,7,0.712500
150,50,7,0.651000
150,50,7,0.694000
150,50,12,0.668500
150,50,12,0.752500
150,50,12,0.664000
150,50,12,0.759500
150,50,12,0.659500
150,50,24,0.663500
150,50,24,0.692500
150,50,24,0.670500
150,50,24,0.732000
150,50,24,0.673500
150,50,31,0.677000
150,50,31,0.731500
150,50,31,0.650500
150,50,31,0.637500
150,50,31,0.699500
150,50,36,0.718000
150,50,36,0.677000
150,50,36,0.655500
150,50,36,0.659000
150,50,36,0.693000
150,50,42,0.635500
150,50,42,0.659500
150,50,42,0.679500
150,50,42,0.647000
150,50,42,0.670500
150,50,48,0.706000
150,50,48,0.759500
150,50,48,0.741500
150,50,48,0.679000
150,50,48,0.679500
150,50,54,0.673000
150,50,54,0.684000
150,50,54,0.666500
150,50,54,0.678000
150,50,54,0.673000
150,50,59,0.651000
150,50,59,0.712500
150,50,59,0.673500
150,50,59,0.658500
150,50,59,0.658000
150,50,62,0.596500
150,50,62,0.684500
150,50,62,0.696500
150,50,62,0.720000
150,50,62,0.646500
160,10,7,0.399500
160,10,7,0.410500
160,10,7,0.366500
160,10,7,0.387000
160,10,7,0.360500
160,10,12,0.363000
160,10,12,0.407000
160,10,12,0.311000
160,10,12,0.411500
160,10,12,0.393000
160,10,24,0.371000
160,10,24,0.386500
160,10,24,0.331000
160,10,24,0.348000
160,10,24,0.332500
160,10,31,0.391500
160,10,31,0.391500
160,10,31,0.386000
160,10,31,0.384500
160,10,31,0.368500
160,10,36,0.413000
160,10,36,0.405500
160,10,36,0.429500
160,10,36,0.405000
160,10,36,0.367500
160,10,42,0.412000
160,10,42,0.386500
160,10,42,0.366500
160,10,42,0.381000
160,10,42,0.374500
160,10,48,0.361500
160,10,48,0.341000
160,10,48,0.374000
160,10,48,0.422000
160,10,48,0.380500
160,10,54,0.350500
160,10,54,0.469500
160,10,54,0.337000
160,10,54,0.372000
160,10,54,0.374000
160,10,59,0.411500
160,10,59,0.411500
160,10,59,0.375500
160,10,59,0.396500
160,10,59,0.357000
160,10,62,0.393000
160,10,62,0.394500
160,10,62,0.375500
160,10,62,0.442000
160,10,62,0.351000
160,20,7,0.476000
160,20,7,0.480500
160,20,7,0.443000
160,20,7,0.448000
160,20,7,0.423500
160,20,12,0.398500
160,20,12,0.499500
160,20,12,0.443000
160,20,12,0.454500
160,20,12,0.435500
160,20,24,0.478500
160,20,24,0.499500
160,20,24,0.413500
160,20,24,0.467000
160,20,24,0.424000
160,20,31,0.448500
160,20,31,0.517500
160,20,31,0.429000
160,20,31,0.453500
160,20,31,0.449000
160,20,36,0.504000
160,20,36,0.471000
160,20,36,0.451500
160,20,36,0.523500
160,20,36,0.445500
160,20,42,0.473500
160,20,42,0.461500
160,20,42,0.422000
160,20,42,0.485000
160,20,42,0.504000
160,20,48,0.481000
160,20,48,0.506000
160,20,48,0.461500
160,20,48,0.511000
160,20,48,0.468500
160,20,54,0.449500
160,20,54,0.473000
160,20,54,0.482500
160,20,54,0.448500
160,20,54,0.423500
160,20,59,0.430000
160,20,59,0.462000
160,20,59,0.437000
160,20,59,0.437000
160,20,59,0.454000
160,20,62,0.480500
160,20,62,0.434000
160,20,62,0.455500
160,20,62,0.476000
160,20,62,0.436000
160,30,7,0.472500
160,30,7,0.536500
160,30,7,0.500500
160,30,7,0.475000
160,30,7,0.549500
160,30,12,0.510000
160,30,12,0.602000
160,30,12,0.506500
160,30,12,0.549000
160,30,12,0.525000
160,30,24,0.481000
160,30,24,0.479000
160,30,24,0.494500
160,30,24,0.523500
160,30,24,0.504000
160,30,31,0.553500
160,30,31,0.524000
160,30,31,0.518000
160,30,31,0.486000
160,30,31,0.508000
160,30,36,0.562500
160,30,36,0.509000
160,30,36,0.569500
160,30,36,0.487500
160,30,36,0.624500
160,30,42,0.468000
160,30,42,0.546000
160,30,42,0.536500
160,30,42,0.525000
160,30,42,0.529500
160,30,48,0.473000
160,30,48,0.536500
160,30,48,0.511000
160,30,48,0.510500
160,30,48,0.554500
160,30,54,0.514000
160,30,54,0.571000
160,30,54,0.554500
160,30,54,0.478500
160,30,54,0.543500
160,30,59,0.528500
160,30,59,0.523500
160,30,59,0.538500
160,30,59,0.549000
160,30,59,0.506000
160,30,62,0.540000
160,30,62,0.593500
160,30,62,0.537500
160,30,62,0.540000
160,30,62,0.469500
160,40,7,0.611000
160,40,7,0.631000
160,40,7,0.568000
160,40,7,0.573000
160,40,7,0.588000
160,40,12,0.547500
160,40,12,0.603500
160,40,12,0.630000
160,40,12,0.584000
160,40,12,0.543000
160,40,24,0.604500
160,40,24,0.584000
160,40,24,0.564000
160,40,24,0.601500
160,40,24,0.630500
160,40,31,0.643000
160,40,31,0.642000
160,40,31,0.537000
160,40,31,0.627000
160,40,31,0.645500
160,40,36,0.641500
160,40,36,0.637000
160,40,36,0.604000
160,40,36,0.593500
160,40,36,0.531000
160,40,42,0.617500
160,40,42,0.594500
160,40,42,0.573500
160,40,42,0.636500
160,40,42,0.586000
160,40,48,0.599000
160,40,48,0.643000
160,40,48,0.569500
160,40,48,0.628500
160,40,48,0.567500
160,40,54,0.624500
160,40,54,0.623000
160,40,54,0.581000
160,40,54,0.610500
160,40,54,0.569500
160,40,59,0.617000
160,40,59,0.614500
160,40,59,0.542000
160,40,59,0.623500
160,40,59,0.624500
160,40,62,0.580000
160,40,62,0.597000
160,40,62,0.597500
160,40,62,0.587000
160,40,62,0.567000
160,50,7,0.704500
160,50,7,0.681500
160,50,7,0.611500
160,50,7,0.654500
160,50,7,0.592000
160,50,12,0.648000
160,50,12,0.692000
160,50,12,0.668000
160,50,12,0.737000
160,50,12,0.645000
160,50,24,0.666500
160,50,24,0.667000
160,50,24,0.702500
160,50,24,0.673000
160,50,24,0.641500
160,50,31,0.650000
160,50,31,0.705500
160,50,31,0.648500
160,50,31,0.650500
160,50,31,0.680500
160,50,36,0.701000
160,50,36,0.658000
160,50,36,0.655500
160,50,36,0.642000
160,50,36,0.645000
160,50,42,0.612500
160,50,42,0.667000
160,50,42,0.619000
160,50,42,0.584500
160,50,42,0.676500
160,50,48,0.694000
160,50,48,0.685000
160,50,48,0.680000
160,50,48,0.647500
160,50,48,0.675000
160,50,54,0.609500
160,50,54,0.648000
160,50,54,0.630000
160,50,54,0.656000
160,50,54,0.691500
160,50,59,0.623500
160,50,59,0.652500
160,50,59,0.673500
160,50,59,0.592000
160,50,59,0.619500
160,50,62,0.619500
160,50,62,0.648500
160,50,62,0.622500
160,50,62,0.704500
160,50,62,0.632500
170,10,7,0.376500
170,10,7,0.412500
170,10,7,0.351500
170,10,7,0.376500
170,10,7,0.335500
170,10,12,0.418000
170,10,12,0.401000
170,10,12,0.328500
170,10,12,0.400500
170,10,12,0.387000
170,10,24,0.395500
170,10,24,0.344500
170,10,24,0.340000
170,10,24,0.339500
170,10,24,0.368000
170,10,31,0.375500
170,10,31,0.370500
170,10,31,0.411000
170,10,31,0.399000
170,10,31,0.364500
170,10,36,0.377500
170,10,36,0.418000
170,10,36,0.435500
170,10,36,0.423000
170,10,36,0.328500
170,10,42,0.388000
170,10,42,0.428500
170,10,42,0.363500
170,10,42,0.365000
170,10,42,0.375500
170,10,48,0.359000
170,10,48,0.401500
170,10,48,0.387000
170,10,48,0.399500
170,10,48,0.372000
170,10,54,0.387500
170,10,54,0.477500
170,10,54,0.322000
170,10,54,0.370500
170,10,54,0.364000
170,10,59,0.370500
170,10,59,0.412000
170,10,59,0.397500
170,10,59,0.413000
170,10,59,0.340500
170,10,62,0.393500
170,10,62,0.395500
170,10,62,0.368500
170,10,62,0.403000
170,10,62,0.331000
170,20,7,0.490000
170,20,7,0.522000
170,20,7,0.451000
170,20,7,0.463000
170,20,7,0.424000
170,20,12,0.490000
170,20,12,0.505000
170,20,12,0.415500
170,20,12,0.446000
170,20,12,0.423000
170,20,24,0.453500
170,20,24,0.511000
170,20,24,0.434500
170,20,24,0.452500
170,20,24,0.463500
170,20,31,0.459500
170,20,31,0.487500
170,20,31,0.416500
170,20,31,0.439000
170,20,31,0.448000
170,20,36,0.479500
170,20,36,0.448000
170,20,36,0.457000
170,20,36,0.511000
170,20,36,0.393500
170,20,42,0.488000
170,20,42,0.478500
170,20,42,0.449000
170,20,42,0.415500
170,20,42,0.446500
170,20,48,0.479000
170,20,48,0.476500
170,20,48,0.467000
170,20,48,0.476500
170,20,48,0.483500
170,20,54,0.464000
170,20,54,0.505500
170,20,54,0.475000
170,20,54,0.493500
170,20,54,0.407000
170,20,59,0.433500
170,20,59,0.483000
170,20,59,0.458500
170,20,59,0.442000
170,20,59,0.445500
170,20,62,0.470500
170,20,62,0.452000
170,20,62,0.439000
170,20,62,0.452500
170,20,62,0.430000
170,30,7,0.494000
170,30,7,0.547500
170,30,7,0.555500
170,30,7,0.492500
170,30,7,0.503500
170,30,12,0.534500
170,30,12,0.595500
170,30,12,0.498500
170,30,12,0.542000
170,30,12,0.580500
170,30,24,0.495000
170,30,24,0.519500
170,30,24,0.529500
170,30,24,0.534000
170,30,24,0.557500
170,30,31,0.547500
170,30,31,0.522500
170,30,31,0.539000
170,30,31,0.519000
170,30,31,0.505000
170,30,36,0.524500
170,30,36,0.548500
170,30,36,0.504500
170,30,36,0.447000
170,30,36,0.511500
170,30,42,0.542500
170,30,42,0.516500
170,30,42,0.511000
170,30,42,0.545500
170,30,42,0.505000
170,30,48,0.464500
170,30,48,0.506000
170,30,48,0.515500
170,30,48,0.487000
170,30,48,0.574000
170,30,54,0.506500
170,30,54,0.565000
170,30,54,0.553500
170,30,54,0.479500
170,30,54,0.500000
170,30,59,0.528000
170,30,59,0.541500
170,30,59,0.521500
170,30,59,0.524000
170,30,59,0.505500
170,30,62,0.524500
170,30,62,0.589000
170,30,62,0.552000
170,30,62,0.557000
170,30,62,0.486500
170,40,7,0.589000
170,40,7,0.616000
170,40,7,0.577000
170,40,7,0.575500
170,40,7,0.596500
170,40,12,0.566500
170,40,12,0.605500
170,40,12,0.619500
170,40,12,0.601000
170,40,12,0.576500
170,40,24,0.588500
170,40,24,0.558500
170,40,24,0.547000
170,40,24,0.617000
170,40,24,0.582500
170,40,31,0.613000
170,40,31,0.574000
170,40,31,0.523000
170,40,31,0.616500
170,40,31,0.576500
170,40,36,0.606000
170,40,36,0.663000
170,40,36,0.540000
170,40,36,0.576500
170,40,36,0.541500
170,40,42,0.586000
170,40,42,0.622000
170,40,42,0.546500
170,40,42,0.606500
170,40,42,0.535000
170,40,48,0.635000
170,40,48,0.628500
170,40,48,0.534500
170,40,48,0.576000
170,40,48,0.541000
170,40,54,0.630000
170,40,54,0.599500
170,40,54,0.592500
170,40,54,0.618000
170,40,54,0.580500
170,40,59,0.605000
170,40,59,0.634500
170,40,59,0.536000
170,40,59,0.570000
170,40,59,0.559000
170,40,62,0.607000
170,40,62,0.570500
170,40,62,0.593000
170,40,62,0.565000
170,40,62,0.564500
170,50,7,0.671000
170,50,7,0.654000
170,50,7,0.680500
170,50,7,0.580500
170,50,7,0.624000
170,50,12,0.656000
170,50,12,0.686500
170,50,12,0.627500
170,50,12,0.687500
170,50,12,0.621500
170,50,24,0.677000
170,50,24,0.670000
170,50,24,0.669500
170,50,24,0.692500
170,50,24,0.604500
170,50,31,0.647500
170,50,31,0.688500
170,50,31,0.641500
170,50,31,0.623500
170,50,31,0.671500
170,50,36,0.700500
170,50,36,0.630500
170,50,36,0.656000
170,50,36,0.629500
170,50,36,0.649500
170,50,42,0.642500
170,50,42,0.652000
170,50,42,0.573000
170,50,42,0.616500
170,50,42,0.617000
170,50,48,0.687500
170,50,48,0.679500
170,50,48,0.687000
170,50,48,0.677000
170,50,48,0.611500
170,50,54,0.611000
170,50,54,0.612000
170,50,54,0.574500
170,50,54,0.641000
170,50,54,0.658000
170,50,59,0.660000
170,50,59,0.659000
170,50,59,0.644500
170,50,59,0.612000
170,50,59,0.623500
170,50,62,0.625000
170,50,62,0.648000
170,50,62,0.629500
170,50,62,0.651500
170,50,62,0.611500
180,10,7,0.423000
180,10,7,0.393000
180,10,7,0.359500
180,10,7,0.372500
180,10,7,0.338000
180,10,12,0.393500
180,10,12,0.395000
180,10,12,0.309000
180,10,12,0.398000
180,10,12,0.353500
180,10,24,0.357000
180,10,24,0.338000
180,10,24,0.316000
180,10,24,0.343000
180,10,24,0.370000
180,10,31,0.343000
180,10,31,0.377000
180,10,31,0.362000
180,10,31,0.426000
180,10,31,0.394500
180,10,36,0.366500
180,10,36,0.393500
180,10,36,0.398500
180,10,36,0.394000
180,10,36,0.376500
180,10,42,0.411000
180,10,42,0.416000
180,10,42,0.360000
180,10,42,0.405000
180,10,42,0.377500
180,10,48,0.393500
180,10,48,0.376500
180,10,48,0.342000
180,10,48,0.387000
180,10,48,0.364000
180,10,54,0.373000
180,10,54,0.443500
180,10,54,0.343500
180,10,54,0.403500
180,10,54,0.366500
180,10,59,0.372000
180,10,59,0.366000
180,10,59,0.331500
180,10,59,0.399000
180,10,59,0.333500
180,10,62,0.400500
180,10,62,0.399500
180,10,62,0.339000
180,10,62,0.388000
180,10,62,0.348500
180,20,7,0.494000
180,20,7,0.437500
180,20,7,0.476500
180,20,7,0.471500
180,20,7,0.442500
180,20,12,0.477000
180,20,12,0.500000
180,20,12,0.389500
180,20,12,0.459000
180,20,12,0.410500
180,20,24,0.450000
180,20,24,0.470500
180,20,24,0.467000
180,20,24,0.421000
180,20,24,0.426500
180,20,31,0.445000
180,20,31,0.478000
180,20,31,0.366000
180,20,31,0.459500
180,20,31,0.422000
180,20,36,0.454500
180,20,36,0.389000
180,20,36,0.461500
180,20,36,0.510000
180,20,36,0.400500
180,20,42,0.466000
180,20,42,0.471500
180,20,42,0.415000
180,20,42,0.405500
180,20,42,0.442500
180,20,48,0.473000
180,20,48,0.481000
180,20,48,0.448500
180,20,48,0.487000
180,20,48,0.479000
180,20,54,0.427000
180,20,54,0.453000
180,20,54,0.445500
180,20,54,0.465000
180,20,54,0.449000
180,20,59,0.422000
180,20,59,0.460000
180,20,59,0.426000
180,20,59,0.433500
180,20,59,0.379000
180,20,62,0.438000
180,20,62,0.443500
180,20,62,0.459000
180,20,62,0.451000
180,20,62,0.438500
180,30,7,0.439000
180,30,7,0.497500
180,30,7,0.516000
180,30,7,0.458000
180,30,7,0.481000
180,30,12,0.534000
180,30,12,0.564000
180,30,12,0.426500
180,30,12,0.492500
180,30,12,0.532000
180,30,24,0.522000
180,30,24,0.503500
180,30,24,0.498500
180,30,24,0.487000
180,30,24,0.526000
180,30,31,0.539000
180,30,31,0.560000
180,30,31,0.504500
180,30,31,0.537500
180,30,31,0.471500
180,30,36,0.488500
180,30,36,0.559500
180,30,36,0.510000
180,30,36,0.504500
180,30,36,0.466000
180,30,42,0.505500
180,30,42,0.508500
180,30,42,0.507000
180,30,42,0.510000
180,30,42,0.532500
180,30,48,0.481500
180,30,48,0.505000
180,30,48,0.515000
180,30,48,0.459500
180,30,48,0.505500
180,30,54,0.511000
180,30,54,0.531500
180,30,54,0.549500
180,30,54,0.492000
180,30,54,0.488000
180,30,59,0.505000
180,30,59,0.510500
180,30,59,0.467500
180,30,59,0.504000
180,30,59,0.505000
180,30,62,0.492500
180,30,62,0.538500
180,30,62,0.466500
180,30,62,0.477000
180,30,62,0.483000
180,40,7,0.598000
180,40,7,0.598500
180,40,7,0.577500
180,40,7,0.570000
180,40,7,0.528500
180,40,12,0.559000
180,40,12,0.595000
180,40,12,0.598000
180,40,12,0.581500
180,40,12,0.588500
180,40,24,0.631000
180,40,24,0.535500
180,40,24,0.550000
180,40,24,0.555000
180,40,24,0.573000
180,40,31,0.571000
180,40,31,0.576000
180,40,31,0.498500
180,40,31,0.615000
180,40,31,0.533500
180,40,36,0.621000
180,40,36,0.610500
180,40,36,0.544000
180,40,36,0.570500
180,40,36,0.504500
180,40,42,0.598000
180,40,42,0.549000
180,40,42,0.539500
180,40,42,0.599500
180,40,42,0.565500
180,40,48,0.610000
180,40,48,0.565500
180,40,48,0.549500
180,40,48,0.532500
180,40,48,0.532500
180,40,54,0.565500
180,40,54,0.588000
180,40,54,0.572500
180,40,54,0.602500
180,40,54,0.511500
180,40,59,0.582000
180,40,59,0.571500
180,40,59,0.541500
180,40,59,0.531500
180,40,59,0.554500
180,40,62,0.572500
180,40,62,0.604500
180,40,62,0.552500
180,40,62,0.554000
180,40,62,0.527500
180,50,7,0.638000
180,50,7,0.615000
180,50,7,0.664500
180,50,7,0.587000
180,50,7,0.599500
180,50,12,0.616500
180,50,12,0.648500
180,50,12,0.650000
180,50,12,0.654500
180,50,12,0.649500
180,50,24,0.627000
180,50,24,0.611500
180,50,24,0.667500
180,50,24,0.693000
180,50,24,0.528000
180,50,31,0.630000
180,50,31,0.670500
180,50,31,0.622000
180,50,31,0.571000
180,50,31,0.617500
180,50,36,0.671500
180,50,36,0.606000
180,50,36,0.643000
180,50,36,0.638000
180,50,36,0.614500
180,50,42,0.592500
180,50,42,0.615500
180,50,42,0.568500
180,50,42,0.589500
180,50,42,0.607500
180,50,48,0.654000
180,50,48,0.666500
180,50,48,0.642500
180,50,48,0.660500
180,50,48,0.622500
180,50,54,0.659500
180,50,54,0.603500
180,50,54,0.587000
180,50,54,0.626500
180,50,54,0.644000
180,50,59,0.604500
180,50,59,0.581000
180,50,59,0.621000
180,50,59,0.610000
180,50,59,0.600500
180,50,62,0.638000
180,50,62,0.610500
180,50,62,0.643500
180,50,62,0.647500
180,50,62,0.590000
190,10,7,0.407000
190,10,7,0.395000
190,10,7,0.340500
190,10,7,0.383000
190,10,7,0.299000
190,10,12,0.386000
190,10,12,0.386500
190,10,12,0.304000
190,10,12,0.381000
190,10,12,0.370500
190,10,24,0.398000
190,10,24,0.357500
190,10,24,0.320500
190,10,24,0.329000
190,10,24,0.349500
190,10,31,0.352000
190,10,31,0.378500
190,10,31,0.381500
190,10,31,0.372500
190,10,31,0.357000
190,10,36,0.381500
190,10,36,0.416000
190,10,36,0.396000
190,10,36,0.377500
190,10,36,0.373500
190,10,42,0.416000
190,10,42,0.409500
190,10,42,0.341500
190,10,42,0.377000
190,10,42,0.362000
190,10,48,0.384000
190,10,48,0.352500
190,10,48,0.377500
190,10,48,0.407000
190,10,48,0.339500
190,10,54,0.354500
190,10,54,0.409000
190,10,54,0.299500
190,10,54,0.385500
190,10,54,0.346000
190,10,59,0.341000
190,10,59,0.372500
190,10,59,0.372500
190,10,59,0.381000
190,10,59,0.306000
190,10,62,0.375000
190,10,62,0.356500
190,10,62,0.321500
190,10,62,0.388000
190,10,62,0.319500
190,20,7,0.485500
190,20,7,0.446000
190,20,7,0.408500
190,20,7,0.446000
190,20,7,0.429500
190,20,12,0.482500
190,20,12,0.497500
190,20,12,0.375500
190,20,12,0.436000
190,20,12,0.403000
190,20,24,0.427500
190,20,24,0.450000
190,20,24,0.394000
190,20,24,0.430500
190,20,24,0.441500
190,20,31,0.430000
190,20,31,0.456500
190,20,31,0.401000
190,20,31,0.416500
190,20,31,0.389000
190,20,36,0.474000
190,20,36,0.375000
190,20,36,0.415500
190,20,36,0.470500
190,20,36,0.419000
190,20,42,0.468500
190,20,42,0.429000
190,20,42,0.387500
190,20,42,0.409000
190,20,42,0.425000
190,20,48,0.473500
190,20,48,0.481500
190,20,48,0.400000
190,20,48,0.446500
190,20,48,0.470000
190,20,54,0.422500
190,20,54,0.442500
190,20,54,0.427000
190,20,54,0.418500
190,20,54,0.375000
190,20,59,0.407000
190,20,59,0.478500
190,20,59,0.410500
190,20,59,0.430000
190,20,59,0.426000
190,20,62,0.399500
190,20,62,0.421000
190,20,62,0.420000
190,20,62,0.442000
190,20,62,0.429500
190,30,7,0.453000
190,30,7,0.475000
190,30,7,0.487500
190,30,7,0.460500
190,30,7,0.496000
190,30,12,0.516500
190,30,12,0.543000
190,30,12,0.468000
190,30,12,0.465000
190,30,12,0.488000
190,30,24,0.500000
190,30,24,0.508000
190,30,24,0.484500
190,30,24,0.497500
190,30,24,0.509000
190,30,31,0.519500
190,30,31,0.538500
190,30,31,0.499000
190,30,31,0.497000
190,30,31,0.484000
190,30,36,0.486000
190,30,36,0.540000
190,30,36,0.508500
190,30,36,0.509500
190,30,36,0.496000
190,30,42,0.490000
190,30,42,0.524500
190,30,42,0.509000
190,30,42,0.488000
190,30,42,0.491000
190,30,48,0.455500
190,30,48,0.500000
190,30,48,0.518500
190,30,48,0.483000
190,30,48,0.509500
190,30,54,0.527500
190,30,54,0.571500
190,30,54,0.526000
190,30,54,0.489500
190,30,54,0.463500
190,30,59,0.467000
190,30,59,0.487000
190,30,59,0.440500
190,30,59,0.510500
190,30,59,0.486000
190,30,62,0.525500
190,30,62,0.551500
190,30,62,0.474000
190,30,62,0.452000
190,30,62,0.491000
190,40,7,0.563000
190,40,7,0.572000
190,40,7,0.536500
190,40,7,0.539000
190,40,7,0.551500
190,40,12,0.553500
190,40,12,0.550500
190,40,12,0.597000
190,40,12,0.555000
190,40,12,0.562500
190,40,24,0.564000
190,40,24,0.513000
190,40,24,0.490500
190,40,24,0.551000
190,40,24,0.540000
190,40,31,0.606500
190,40,31,0.567000
190,40,31,0.501000
190,40,31,0.544000
190,40,31,0.565500
190,40,36,0.608500
190,40,36,0.590000
190,40,36,0.580000
190,40,36,0.515500
190,40,36,0.503500
190,40,42,0.537500
190,40,42,0.550500
190,40,42,0.522500
190,40,42,0.572500
190,40,42,0.499000
190,40,48,0.539500
190,40,48,0.598000
190,40,48,0.549500
190,40,48,0.523500
190,40,48,0.589000
190,40,54,0.556000
190,40,54,0.619500
190,40,54,0.547500
190,40,54,0.583000
190,40,54,0.551000
190,40,59,0.521000
190,40,59,0.586000
190,40,59,0.481000
190,40,59,0.562000
190,40,59,0.545000
190,40,62,0.558000
190,40,62,0.582500
190,40,62,0.570000
190,40,62,0.519500
190,40,62,0.549000
190,50,7,0.580000
190,50,7,0.592500
190,50,7,0.591000
190,50,7,0.562500
190,50,7,0.613000
190,50,12,0.624000
190,50,12,0.643500
190,50,12,0.633500
190,50,12,0.657500
190,50,12,0.609000
190,50,24,0.598500
190,50,24,0.604500
190,50,24,0.656500
190,50,24,0.655500
190,50,24,0.539000
190,50,31,0.605500
190,50,31,0.665000
190,50,31,0.608500
190,50,31,0.588500
190,50,31,0.582500
190,50,36,0.616500
190,50,36,0.609000
190,50,36,0.626500
190,50,36,0.570000
190,50,36,0.604500
190,50,42,0.631000
190,50,42,0.582000
190,50,42,0.550500
190,50,42,0.590000
190,50,42,0.579000
190,50,48,0.614500
190,50,48,0.669000
190,50,48,0.618500
190,50,48,0.663000
190,50,48,0.612500
190,50,54,0.581000
190,50,54,0.619000
190,50,54,0.607000
190,50,54,0.609000
190,50,54,0.585500
190,50,59,0.554500
190,50,59,0.586000
190,50,59,0.603000
190,50,59,0.584000
190,50,59,0.604500
190,50,62,0.604000
190,50,62,0.598000
190,50,62,0.608500
190,50,62,0.610000
190,50,62,0.568500
200,10,7,0.385000
200,10,7,0.380000
200,10,7,0.345000
200,10,7,0.380000
200,10,7,0.340000
200,10,12,0.405000
200,10,12,0.390000
200,10,12,0.305000
200,10,12,0.365000
200,10,12,0.380000
200,10,24,0.395000
200,10,24,0.335000
200,10,24,0.335000
200,10,24,0.325000
200,10,24,0.365000
200,10,31,0.345000
200,10,31,0.345000
200,10,31,0.325000
200,10,31,0.395000
200,10,31,0.360000
200,10,36,0.370000
200,10,36,0.380000
200,10,36,0.420000
200,10,36,0.350000
200,10,36,0.355000
200,10,42,0.410000
200,10,42,0.400000
200,10,42,0.350000
200,10,42,0.375000
200,10,42,0.390000
200,10,48,0.375000
200,10,48,0.340000
200,10,48,0.370000
200,10,48,0.370000
200,10,48,0.340000
200,10,54,0.370000
200,10,54,0.400000
200,10,54,0.325000
200,10,54,0.370000
200,10,54,0.385000
200,10,59,0.325000
200,10,59,0.390000
200,10,59,0.365000
200,10,59,0.360000
200,10,59,0.355000
200,10,62,0.390000
200,10,62,0.345000
200,10,62,0.290000
200,10,62,0.375000
200,10,62,0.325000
200,20,7,0.490000
200,20,7,0.405000
200,20,7,0.445000
200,20,7,0.465000
200,20,7,0.440000
200,20,12,0.440000
200,20,12,0.490000
200,20,12,0.380000
200,20,12,0.415000
200,20,12,0.415000
200,20,24,0.405000
200,20,24,0.465000
200,20,24,0.395000
200,20,24,0.400000
200,20,24,0.425000
200,20,31,0.425000
200,20,31,0.420000
200,20,31,0.425000
200,20,31,0.425000
200,20,31,0.400000
200,20,36,0.465000
200,20,36,0.370000
200,20,36,0.405000
200,20,36,0.455000
200,20,36,0.410000
200,20,42,0.445000
200,20,42,0.410000
200,20,42,0.375000
200,20,42,0.395000
200,20,42,0.400000
200,20,48,0.435000
200,20,48,0.445000
200,20,48,0.395000
200,20,48,0.445000
200,20,48,0.475000
200,20,54,0.440000
200,20,54,0.430000
200,20,54,0.445000
200,20,54,0.430000
200,20,54,0.395000
200,20,59,0.410000
200,20,59,0.435000
200,20,59,0.375000
200,20,59,0.410000
200,20,59,0.430000
200,20,62,0.425000
200,20,62,0.405000
200,20,62,0.430000
200,20,62,0.415000
200,20,62,0.475000
200,30,7,0.485000
200,30,7,0.500000
200,30,7,0.460000
200,30,7,0.485000
200,30,7,0.445000
200,30,12,0.480000
200,30,12,0.510000
200,30,12,0.460000
200,30,12,0.520000
200,30,12,0.465000
200,30,24,0.485000
200,30,24,0.500000
200,30,24,0.465000
200,30,24,0.510000
200,30,24,0.495000
200,30,31,0.495000
200,30,31,0.550000
200,30,31,0.480000
200,30,31,0.500000
200,30,31,0.470000
200,30,36,0.475000
200,30,36,0.520000
200,30,36,0.465000
200,30,36,0.480000
200,30,36,0.485000
200,30,42,0.505000
200,30,42,0.535000
200,30,42,0.470000
200,30,42,0.480000
200,30,42,0.440000
200,30,48,0.490000
200,30,48,0.505000
200,30,48,0.515000
200,30,48,0.470000
200,30,48,0.500000
200,30,54,0.500000
200,30,54,0.535000
200,30,54,0.515000
200,30,54,0.490000
200,30,54,0.455000
200,30,59,0.455000
200,30,59,0.490000
200,30,59,0.430000
200,30,59,0.500000
200,30,59,0.500000
200,30,62,0.465000
200,30,62,0.550000
200,30,62,0.475000
200,30,62,0.450000
200,30,62,0.475000
200,40,7,0.545000
200,40,7,0.575000
200,40,7,0.515000
200,40,7,0.535000
200,40,7,0.555000
200,40,12,0.585000
200,40,12,0.560000
200,40,12,0.625000
200,40,12,0.550000
200,40,12,0.560000
200,40,24,0.555000
200,40,24,0.505000
200,40,24,0.535000
200,40,24,0.545000
200,40,24,0.565000
200,40,31,0.565000
200,40,31,0.555000
200,40,31,0.525000
200,40,31,0.590000
200,40,31,0.515000
200,40,36,0.570000
200,40,36,0.575000
200,40,36,0.535000
200,40,36,0.550000
200,40,36,0.520000
200,40,42,0.540000
200,40,42,0.535000
200,40,42,0.535000
200,40,42,0.565000
200,40,42,0.490000
200,40,48,0.560000
200,40,48,0.545000
200,40,48,0.505000
200,40,48,0.510000
200,40,48,0.550000
200,40,54,0.550000
200,40,54,0.580000
200,40,54,0.505000
200,40,54,0.565000
200,40,54,0.515000
200,40,59,0.520000
200,40,59,0.545000
200,40,59,0.490000
200,40,59,0.540000
200,40,59,0.550000
200,40,62,0.560000
200,40,62,0.560000
200,40,62,0.530000
200,40,62,0.560000
200,40,62,0.550000
200,50,7,0.595000
200,50,7,0.565000
200,50,7,0.550000
200,50,7,0.565000
200,50,7,0.585000
200,50,12,0.600000
200,50,12,0.575000
200,50,12,0.565000
200,50,12,0.580000
200,50,12,0.600000
200,50,24,0.580000
200,50,24,0.565000
200,50,24,0.610000
200,50,24,0.650000
200,50,24,0.550000
200,50,31,0.590000
200,50,31,0.625000
200,50,31,0.610000
200,50,31,0.570000
200,50,31,0.600000
200,50,36,0.620000
200,50,36,0.580000
200,50,36,0.570000
200,50,36,0.585000
200,50,36,0.610000
200,50,42,0.585000
200,50,42,0.590000
200,50,42,0.545000
200,50,42,0.595000
200,50,42,0.610000
200,50,48,0.610000
200,50,48,0.630000
200,50,48,0.590000
200,50,48,0.655000
200,50,48,0.610000
200,50,54,0.580000
200,50,54,0.600000
200,50,54,0.605000
200,50,54,0.560000
200,50,54,0.585000
200,50,59,0.600000
200,50,59,0.600000
200,50,59,0.565000
200,50,59,0.540000
200,50,59,0.605000
200,50,62,0.590000
200,50,62,0.590000
200,50,62,0.570000
200,50,62,0.605000
200,50,62,0.575000
