0.230059703283 -0.324929621191
0.0936932219366 -0.19372721513
-0.0154187931317 0.0442405122832
-0.0819617625167 0.321015267924
-0.0997256339528 0.551381199591
-0.072447203511 0.664518388919
-0.0128664328837 0.630303152662
0.0598270612719 0.470242131659
0.123700495412 0.248888722126
0.15827952293 0.0490365974986
0.148500573107 -0.0598279236464
0.0877125174459 -0.0477678941658
-0.0208087044575 0.0646783339507
-0.164110326205 0.215038359416
-0.321548413447 0.323621260344
-0.46817670252 0.324929621191
-0.578960554674 0.19372721513
-0.633091742761 -0.0442405122832
-0.617658613342 -0.321015267924
-0.530033863035 -0.551381199591
-0.378560276391 -0.664518388919
-0.181405739383 -0.630303152662
0.0362274975892 -0.470242131659
0.246072088721 -0.248888722126
0.4212740474 -0.0490365974986
0.540623906031 0.0598279236464
0.591826987558 0.0477678941658
0.573264681489 -0.0646783339507
0.49395811793 -0.215038359416
0.371754340105 -0.323621260344
