-0.234526192518 -0.61232589777
-0.155074432866 -0.528421353473
0.0415020118078 -0.421422260381
0.300324003492 -0.296004992302
0.539323467664 -0.15765088567
0.679856668038 -0.012406678842
0.676190752749 0.133379759386
0.532624868665 0.273336862101
0.301721337928 0.401347832327
0.0643280643477 0.5118179764
-0.100981414024 0.599919218928
-0.147391403084 0.661801112858
-0.0770124923913 0.694759122482
0.060791617841 0.697352824629
0.189241915219 0.66946886207
0.234526192518 0.61232589777
0.155074432866 0.528421353473
-0.0415020118078 0.421422260381
-0.300324003492 0.296004992302
-0.539323467664 0.15765088567
-0.679856668038 0.012406678842
-0.676190752749 -0.133379759386
-0.532624868665 -0.273336862101
-0.301721337928 -0.401347832327
-0.0643280643477 -0.5118179764
0.100981414024 -0.599919218928
0.147391403084 -0.661801112858
0.0770124923913 -0.694759122482
-0.060791617841 -0.697352824629
-0.189241915219 -0.66946886207
