Memory 10,10,7,1.000000
Memory 20,10,7,0.950000
Memory 30,10,7,0.733000
Memory 40,10,7,0.725000
Memory 50,10,7,0.560000
Memory 60,10,7,0.667000
Memory 70,10,7,0.484500
Memory 80,10,7,0.575000
Memory 90,10,7,0.523500
Memory 100,10,7,0.460000
Memory 110,10,7,0.447500
Memory 120,10,7,0.458500
Memory 130,10,7,0.385000
Memory 140,10,7,0.379000
Memory 150,10,7,0.351500
Memory 160,10,7,0.358000
Memory 170,10,7,0.376000
Memory 180,10,7,0.393500
Memory 190,10,7,0.427000
Memory 200,10,7,0.380000
Memory 10,10,12,1.000000
Memory 20,10,12,0.950000
Memory 30,10,12,0.700000
Memory 40,10,12,0.625000
Memory 50,10,12,0.560000
Memory 60,10,12,0.416500
Memory 70,10,12,0.457000
Memory 80,10,12,0.412500
Memory 90,10,12,0.468500
Memory 100,10,12,0.490000
Memory 110,10,12,0.473000
Memory 120,10,12,0.474000
Memory 130,10,12,0.385500
Memory 140,10,12,0.438000
Memory 150,10,12,0.404500
Memory 160,10,12,0.381000
Memory 170,10,12,0.386000
Memory 180,10,12,0.372000
Memory 190,10,12,0.359000
Memory 200,10,12,0.405000
Memory 10,10,24,1.000000
Memory 20,10,24,1.000000
Memory 30,10,24,0.800000
Memory 40,10,24,0.575000
Memory 50,10,24,0.680000
Memory 60,10,24,0.549500
Memory 70,10,24,0.585500
Memory 80,10,24,0.525000
Memory 90,10,24,0.500500
Memory 100,10,24,0.500000
Memory 110,10,24,0.445500
Memory 120,10,24,0.451000
Memory 130,10,24,0.408500
Memory 140,10,24,0.442000
Memory 150,10,24,0.406500
Memory 160,10,24,0.387500
Memory 170,10,24,0.399500
Memory 180,10,24,0.360500
Memory 190,10,24,0.376000
Memory 200,10,24,0.350000
Memory 10,10,31,1.000000
Memory 20,10,31,0.900000
Memory 30,10,31,0.699500
Memory 40,10,31,0.625000
Memory 50,10,31,0.680000
Memory 60,10,31,0.550000
Memory 70,10,31,0.514500
Memory 80,10,31,0.512500
Memory 90,10,31,0.412500
Memory 100,10,31,0.370000
Memory 110,10,31,0.473500
Memory 120,10,31,0.418000
Memory 130,10,31,0.370000
Memory 140,10,31,0.407000
Memory 150,10,31,0.338500
Memory 160,10,31,0.379500
Memory 170,10,31,0.412500
Memory 180,10,31,0.349500
Memory 190,10,31,0.384000
Memory 200,10,31,0.355000
Memory 10,10,36,1.000000
Memory 20,10,36,0.950000
Memory 30,10,36,0.733000
Memory 40,10,36,0.650000
Memory 50,10,36,0.680000
Memory 60,10,36,0.550500
Memory 70,10,36,0.472000
Memory 80,10,36,0.475000
Memory 90,10,36,0.433500
Memory 100,10,36,0.480000
Memory 110,10,36,0.455000
Memory 120,10,36,0.524500
Memory 130,10,36,0.414000
Memory 140,10,36,0.408000
Memory 150,10,36,0.405500
Memory 160,10,36,0.376000
Memory 170,10,36,0.399500
Memory 180,10,36,0.394000
Memory 190,10,36,0.350000
Memory 200,10,36,0.355000
Memory 10,10,42,1.000000
Memory 20,10,42,1.000000
Memory 30,10,42,0.767000
Memory 40,10,42,0.600000
Memory 50,10,42,0.700000
Memory 60,10,42,0.599500
Memory 70,10,42,0.514500
Memory 80,10,42,0.450000
Memory 90,10,42,0.390000
Memory 100,10,42,0.460000
Memory 110,10,42,0.445500
Memory 120,10,42,0.425000
Memory 130,10,42,0.445500
Memory 140,10,42,0.400500
Memory 150,10,42,0.386000
Memory 160,10,42,0.350000
Memory 170,10,42,0.365500
Memory 180,10,42,0.366500
Memory 190,10,42,0.416500
Memory 200,10,42,0.350000
Memory 10,10,48,1.000000
Memory 20,10,48,1.000000
Memory 30,10,48,0.767000
Memory 40,10,48,0.625000
Memory 50,10,48,0.600000
Memory 60,10,48,0.515000
Memory 70,10,48,0.414000
Memory 80,10,48,0.462500
Memory 90,10,48,0.468500
Memory 100,10,48,0.450000
Memory 110,10,48,0.446500
Memory 120,10,48,0.451500
Memory 130,10,48,0.413500
Memory 140,10,48,0.424000
Memory 150,10,48,0.462000
Memory 160,10,48,0.369500
Memory 170,10,48,0.376500
Memory 180,10,48,0.388500
Memory 190,10,48,0.342000
Memory 200,10,48,0.405000
Memory 10,10,54,1.000000
Memory 20,10,54,1.000000
Memory 30,10,54,0.700500
Memory 40,10,54,0.575000
Memory 50,10,54,0.660000
Memory 60,10,54,0.599500
Memory 70,10,54,0.499500
Memory 80,10,54,0.612500
Memory 90,10,54,0.433500
Memory 100,10,54,0.490000
Memory 110,10,54,0.492500
Memory 120,10,54,0.409000
Memory 130,10,54,0.438000
Memory 140,10,54,0.399500
Memory 150,10,54,0.338500
Memory 160,10,54,0.381500
Memory 170,10,54,0.406500
Memory 180,10,54,0.360500
Memory 190,10,54,0.376500
Memory 200,10,54,0.350000
Memory 10,10,59,1.000000
Memory 20,10,59,1.000000
Memory 30,10,59,0.766500
Memory 40,10,59,0.550000
Memory 50,10,59,0.700000
Memory 60,10,59,0.598500
Memory 70,10,59,0.413000
Memory 80,10,59,0.512500
Memory 90,10,59,0.512000
Memory 100,10,59,0.420000
Memory 110,10,59,0.437000
Memory 120,10,59,0.482500
Memory 130,10,59,0.385000
Memory 140,10,59,0.414000
Memory 150,10,59,0.399500
Memory 160,10,59,0.369000
Memory 170,10,59,0.370500
Memory 180,10,59,0.383500
Memory 190,10,59,0.416500
Memory 200,10,59,0.430000
Memory 10,10,62,1.000000
Memory 20,10,62,0.850000
Memory 30,10,62,0.667000
Memory 40,10,62,0.650000
Memory 50,10,62,0.520000
Memory 60,10,62,0.550000
Memory 70,10,62,0.527500
Memory 80,10,62,0.550000
Memory 90,10,62,0.434000
Memory 100,10,62,0.420000
Memory 110,10,62,0.410000
Memory 120,10,62,0.431500
Memory 130,10,62,0.376000
Memory 140,10,62,0.409500
Memory 150,10,62,0.392500
Memory 160,10,62,0.331500
Memory 170,10,62,0.411000
Memory 180,10,62,0.400000
Memory 190,10,62,0.390000
Memory 200,10,62,0.415000
Memory 10,20,7,1.000000
Memory 20,20,7,1.000000
Memory 30,20,7,1.000000
Memory 40,20,7,0.900000
Memory 50,20,7,0.880000
Memory 60,20,7,0.749000
Memory 70,20,7,0.586000
Memory 80,20,7,0.650000
Memory 90,20,7,0.557000
Memory 100,20,7,0.590000
Memory 110,20,7,0.537500
Memory 120,20,7,0.523000
Memory 130,20,7,0.523000
Memory 140,20,7,0.464500
Memory 150,20,7,0.533500
Memory 160,20,7,0.386000
Memory 170,20,7,0.458500
Memory 180,20,7,0.411000
Memory 190,20,7,0.491000
Memory 200,20,7,0.445000
Memory 10,20,12,1.000000
Memory 20,20,12,1.000000
Memory 30,20,12,0.966500
Memory 40,20,12,0.875000
Memory 50,20,12,0.840000
Memory 60,20,12,0.800500
Memory 70,20,12,0.714000
Memory 80,20,12,0.687500
Memory 90,20,12,0.612500
Memory 100,20,12,0.480000
Memory 110,20,12,0.545500
Memory 120,20,12,0.500500
Memory 130,20,12,0.452000
Memory 140,20,12,0.421000
Memory 150,20,12,0.459000
Memory 160,20,12,0.492000
Memory 170,20,12,0.470500
Memory 180,20,12,0.438000
Memory 190,20,12,0.447000
Memory 200,20,12,0.460000
Memory 10,20,24,1.000000
Memory 20,20,24,1.000000
Memory 30,20,24,0.966500
Memory 40,20,24,0.875000
Memory 50,20,24,0.860000
Memory 60,20,24,0.849000
Memory 70,20,24,0.685000
Memory 80,20,24,0.700000
Memory 90,20,24,0.555000
Memory 100,20,24,0.600000
Memory 110,20,24,0.599000
Memory 120,20,24,0.624000
Memory 130,20,24,0.514500
Memory 140,20,24,0.523500
Memory 150,20,24,0.454500
Memory 160,20,24,0.418000
Memory 170,20,24,0.471500
Memory 180,20,24,0.394500
Memory 190,20,24,0.436000
Memory 200,20,24,0.490000
Memory 10,20,31,1.000000
Memory 20,20,31,1.000000
Memory 30,20,31,1.000000
Memory 40,20,31,1.000000
Memory 50,20,31,0.840000
Memory 60,20,31,0.749500
Memory 70,20,31,0.672500
Memory 80,20,31,0.750000
Memory 90,20,31,0.591000
Memory 100,20,31,0.500000
Memory 110,20,31,0.556500
Memory 120,20,31,0.490000
Memory 130,20,31,0.462000
Memory 140,20,31,0.512500
Memory 150,20,31,0.508000
Memory 160,20,31,0.450500
Memory 170,20,31,0.505000
Memory 180,20,31,0.478000
Memory 190,20,31,0.510000
Memory 200,20,31,0.425000
Memory 10,20,36,1.000000
Memory 20,20,36,1.000000
Memory 30,20,36,0.966500
Memory 40,20,36,0.875000
Memory 50,20,36,0.760000
Memory 60,20,36,0.683000
Memory 70,20,36,0.656500
Memory 80,20,36,0.675000
Memory 90,20,36,0.591500
Memory 100,20,36,0.570000
Memory 110,20,36,0.555000
Memory 120,20,36,0.577500
Memory 130,20,36,0.461500
Memory 140,20,36,0.443000
Memory 150,20,36,0.452000
Memory 160,20,36,0.502500
Memory 170,20,36,0.466000
Memory 180,20,36,0.461500
Memory 190,20,36,0.472500
Memory 200,20,36,0.430000
Memory 10,20,42,1.000000
Memory 20,20,42,1.000000
Memory 30,20,42,1.000000
Memory 40,20,42,0.875000
Memory 50,20,42,0.880000
Memory 60,20,42,0.749500
Memory 70,20,42,0.715000
Memory 80,20,42,0.675000
Memory 90,20,42,0.601500
Memory 100,20,42,0.550000
Memory 110,20,42,0.555000
Memory 120,20,42,0.517000
Memory 130,20,42,0.507000
Memory 140,20,42,0.495000
Memory 150,20,42,0.459000
Memory 160,20,42,0.457000
Memory 170,20,42,0.464500
Memory 180,20,42,0.417000
Memory 190,20,42,0.493000
Memory 200,20,42,0.460000
Memory 10,20,48,1.000000
Memory 20,20,48,1.000000
Memory 30,20,48,1.000000
Memory 40,20,48,0.825000
Memory 50,20,48,0.740000
Memory 60,20,48,0.699000
Memory 70,20,48,0.757000
Memory 80,20,48,0.650000
Memory 90,20,48,0.657000
Memory 100,20,48,0.580000
Memory 110,20,48,0.546500
Memory 120,20,48,0.507000
Memory 130,20,48,0.485000
Memory 140,20,48,0.471000
Memory 150,20,48,0.470000
Memory 160,20,48,0.417000
Memory 170,20,48,0.471500
Memory 180,20,48,0.439000
Memory 190,20,48,0.451000
Memory 200,20,48,0.440000
Memory 10,20,54,1.000000
Memory 20,20,54,1.000000
Memory 30,20,54,1.000000
Memory 40,20,54,0.900000
Memory 50,20,54,0.840000
Memory 60,20,54,0.767000
Memory 70,20,54,0.699500
Memory 80,20,54,0.625000
Memory 90,20,54,0.489500
Memory 100,20,54,0.560000
Memory 110,20,54,0.508000
Memory 120,20,54,0.515000
Memory 130,20,54,0.524000
Memory 140,20,54,0.478500
Memory 150,20,54,0.498000
Memory 160,20,54,0.463500
Memory 170,20,54,0.488500
Memory 180,20,54,0.427000
Memory 190,20,54,0.467500
Memory 200,20,54,0.450000
Memory 10,20,59,1.000000
Memory 20,20,59,1.000000
Memory 30,20,59,1.000000
Memory 40,20,59,0.850000
Memory 50,20,59,0.680000
Memory 60,20,59,0.666000
Memory 70,20,59,0.715000
Memory 80,20,59,0.587500
Memory 90,20,59,0.524500
Memory 100,20,59,0.610000
Memory 110,20,59,0.555000
Memory 120,20,59,0.502500
Memory 130,20,59,0.544500
Memory 140,20,59,0.484500
Memory 150,20,59,0.504000
Memory 160,20,59,0.425500
Memory 170,20,59,0.441500
Memory 180,20,59,0.400000
Memory 190,20,59,0.534500
Memory 200,20,59,0.460000
Memory 10,20,62,1.000000
Memory 20,20,62,1.000000
Memory 30,20,62,1.000000
Memory 40,20,62,0.925000
Memory 50,20,62,0.840000
Memory 60,20,62,0.667000
Memory 70,20,62,0.687000
Memory 80,20,62,0.625000
Memory 90,20,62,0.601000
Memory 100,20,62,0.540000
Memory 110,20,62,0.546500
Memory 120,20,62,0.532500
Memory 130,20,62,0.560500
Memory 140,20,62,0.501000
Memory 150,20,62,0.457500
Memory 160,20,62,0.438000
Memory 170,20,62,0.441500
Memory 180,20,62,0.410500
Memory 190,20,62,0.440000
Memory 200,20,62,0.420000
Memory 10,30,7,1.000000
Memory 20,30,7,1.000000
Memory 30,30,7,1.000000
Memory 40,30,7,1.000000
Memory 50,30,7,0.980000
Memory 60,30,7,0.834000
Memory 70,30,7,0.727000
Memory 80,30,7,0.750000
Memory 90,30,7,0.668000
Memory 100,30,7,0.660000
Memory 110,30,7,0.636500
Memory 120,30,7,0.577500
Memory 130,30,7,0.569500
Memory 140,30,7,0.557000
Memory 150,30,7,0.524000
Memory 160,30,7,0.504500
Memory 170,30,7,0.510500
Memory 180,30,7,0.527500
Memory 190,30,7,0.515500
Memory 200,30,7,0.510000
Memory 10,30,12,1.000000
Memory 20,30,12,1.000000
Memory 30,30,12,1.000000
Memory 40,30,12,1.000000
Memory 50,30,12,0.980000
Memory 60,30,12,0.916500
Memory 70,30,12,0.815000
Memory 80,30,12,0.800000
Memory 90,30,12,0.690000
Memory 100,30,12,0.730000
Memory 110,30,12,0.628000
Memory 120,30,12,0.616500
Memory 130,30,12,0.607500
Memory 140,30,12,0.508500
Memory 150,30,12,0.545500
Memory 160,30,12,0.502000
Memory 170,30,12,0.505500
Memory 180,30,12,0.478000
Memory 190,30,12,0.502000
Memory 200,30,12,0.545000
Memory 10,30,24,1.000000
Memory 20,30,24,1.000000
Memory 30,30,24,1.000000
Memory 40,30,24,1.000000
Memory 50,30,24,0.960000
Memory 60,30,24,0.883500
Memory 70,30,24,0.801500
Memory 80,30,24,0.775000
Memory 90,30,24,0.768000
Memory 100,30,24,0.710000
Memory 110,30,24,0.663000
Memory 120,30,24,0.609000
Memory 130,30,24,0.582500
Memory 140,30,24,0.543000
Memory 150,30,24,0.566000
Memory 160,30,24,0.558000
Memory 170,30,24,0.565000
Memory 180,30,24,0.505500
Memory 190,30,24,0.461500
Memory 200,30,24,0.550000
Memory 10,30,31,1.000000
Memory 20,30,31,1.000000
Memory 30,30,31,1.000000
Memory 40,30,31,1.000000
Memory 50,30,31,0.960000
Memory 60,30,31,0.866000
Memory 70,30,31,0.771500
Memory 80,30,31,0.862500
Memory 90,30,31,0.699500
Memory 100,30,31,0.670000
Memory 110,30,31,0.654000
Memory 120,30,31,0.608000
Memory 130,30,31,0.569500
Memory 140,30,31,0.592000
Memory 150,30,31,0.505000
Memory 160,30,31,0.505500
Memory 170,30,31,0.567000
Memory 180,30,31,0.504500
Memory 190,30,31,0.487500
Memory 200,30,31,0.575000
Memory 10,30,36,1.000000
Memory 20,30,36,1.000000
Memory 30,30,36,1.000000
Memory 40,30,36,1.000000
Memory 50,30,36,0.980000
Memory 60,30,36,0.883500
Memory 70,30,36,0.713000
Memory 80,30,36,0.700000
Memory 90,30,36,0.777500
Memory 100,30,36,0.710000
Memory 110,30,36,0.645000
Memory 120,30,36,0.666000
Memory 130,30,36,0.507500
Memory 140,30,36,0.535500
Memory 150,30,36,0.584500
Memory 160,30,36,0.524500
Memory 170,30,36,0.517500
Memory 180,30,36,0.506500
Memory 190,30,36,0.520500
Memory 200,30,36,0.475000
Memory 10,30,42,1.000000
Memory 20,30,42,1.000000
Memory 30,30,42,1.000000
Memory 40,30,42,1.000000
Memory 50,30,42,0.980000
Memory 60,30,42,0.966500
Memory 70,30,42,0.871000
Memory 80,30,42,0.762500
Memory 90,30,42,0.712000
Memory 100,30,42,0.690000
Memory 110,30,42,0.647000
Memory 120,30,42,0.683500
Memory 130,30,42,0.607500
Memory 140,30,42,0.528000
Memory 150,30,42,0.552000
Memory 160,30,42,0.619000
Memory 170,30,42,0.500000
Memory 180,30,42,0.543500
Memory 190,30,42,0.529000
Memory 200,30,42,0.445000
Memory 10,30,48,1.000000
Memory 20,30,48,1.000000
Memory 30,30,48,1.000000
Memory 40,30,48,1.000000
Memory 50,30,48,0.980000
Memory 60,30,48,0.900000
Memory 70,30,48,0.813500
Memory 80,30,48,0.775000
Memory 90,30,48,0.777500
Memory 100,30,48,0.590000
Memory 110,30,48,0.655000
Memory 120,30,48,0.606500
Memory 130,30,48,0.577000
Memory 140,30,48,0.551000
Memory 150,30,48,0.531000
Memory 160,30,48,0.485000
Memory 170,30,48,0.512500
Memory 180,30,48,0.482000
Memory 190,30,48,0.528500
Memory 200,30,48,0.480000
Memory 10,30,54,1.000000
Memory 20,30,54,1.000000
Memory 30,30,54,1.000000
Memory 40,30,54,1.000000
Memory 50,30,54,0.960000
Memory 60,30,54,0.884000
Memory 70,30,54,0.828000
Memory 80,30,54,0.737500
Memory 90,30,54,0.734500
Memory 100,30,54,0.620000
Memory 110,30,54,0.683000
Memory 120,30,54,0.732000
Memory 130,30,54,0.567500
Memory 140,30,54,0.594500
Memory 150,30,54,0.543500
Memory 160,30,54,0.457000
Memory 170,30,54,0.513000
Memory 180,30,54,0.451000
Memory 190,30,54,0.532000
Memory 200,30,54,0.505000
Memory 10,30,59,1.000000
Memory 20,30,59,1.000000
Memory 30,30,59,1.000000
Memory 40,30,59,1.000000
Memory 50,30,59,0.940000
Memory 60,30,59,0.899500
Memory 70,30,59,0.857000
Memory 80,30,59,0.812500
Memory 90,30,59,0.712000
Memory 100,30,59,0.710000
Memory 110,30,59,0.673500
Memory 120,30,59,0.665500
Memory 130,30,59,0.601000
Memory 140,30,59,0.551000
Memory 150,30,59,0.598500
Memory 160,30,59,0.581000
Memory 170,30,59,0.506000
Memory 180,30,59,0.521000
Memory 190,30,59,0.466500
Memory 200,30,59,0.480000
Memory 10,30,62,1.000000
Memory 20,30,62,1.000000
Memory 30,30,62,1.000000
Memory 40,30,62,1.000000
Memory 50,30,62,0.900000
Memory 60,30,62,0.900000
Memory 70,30,62,0.856500
Memory 80,30,62,0.787500
Memory 90,30,62,0.700500
Memory 100,30,62,0.660000
Memory 110,30,62,0.681500
Memory 120,30,62,0.665500
Memory 130,30,62,0.552500
Memory 140,30,62,0.563500
Memory 150,30,62,0.559000
Memory 160,30,62,0.550000
Memory 170,30,62,0.513000
Memory 180,30,62,0.454500
Memory 190,30,62,0.500500
Memory 200,30,62,0.545000
Memory 10,40,7,1.000000
Memory 20,40,7,1.000000
Memory 30,40,7,1.000000
Memory 40,40,7,1.000000
Memory 50,40,7,1.000000
Memory 60,40,7,0.949500
Memory 70,40,7,0.884500
Memory 80,40,7,0.950000
Memory 90,40,7,0.801000
Memory 100,40,7,0.730000
Memory 110,40,7,0.755500
Memory 120,40,7,0.723500
Memory 130,40,7,0.700000
Memory 140,40,7,0.679000
Memory 150,40,7,0.614000
Memory 160,40,7,0.582000
Memory 170,40,7,0.612000
Memory 180,40,7,0.588000
Memory 190,40,7,0.579000
Memory 200,40,7,0.550000
Memory 10,40,12,1.000000
Memory 20,40,12,1.000000
Memory 30,40,12,1.000000
Memory 40,40,12,1.000000
Memory 50,40,12,0.980000
Memory 60,40,12,0.950000
Memory 70,40,12,0.942000
Memory 80,40,12,0.912500
Memory 90,40,12,0.789500
Memory 100,40,12,0.770000
Memory 110,40,12,0.755500
Memory 120,40,12,0.765500
Memory 130,40,12,0.701000
Memory 140,40,12,0.586500
Memory 150,40,12,0.617500
Memory 160,40,12,0.612000
Memory 170,40,12,0.650500
Memory 180,40,12,0.543500
Memory 190,40,12,0.562500
Memory 200,40,12,0.620000
Memory 10,40,24,1.000000
Memory 20,40,24,1.000000
Memory 30,40,24,1.000000
Memory 40,40,24,1.000000
Memory 50,40,24,0.980000
Memory 60,40,24,1.000000
Memory 70,40,24,0.928000
Memory 80,40,24,0.887500
Memory 90,40,24,0.833500
Memory 100,40,24,0.720000
Memory 110,40,24,0.754000
Memory 120,40,24,0.741000
Memory 130,40,24,0.701500
Memory 140,40,24,0.613500
Memory 150,40,24,0.552000
Memory 160,40,24,0.620500
Memory 170,40,24,0.619000
Memory 180,40,24,0.590500
Memory 190,40,24,0.594500
Memory 200,40,24,0.555000
Memory 10,40,31,1.000000
Memory 20,40,31,1.000000
Memory 30,40,31,1.000000
Memory 40,40,31,1.000000
Memory 50,40,31,1.000000
Memory 60,40,31,0.967000
Memory 70,40,31,0.929000
Memory 80,40,31,0.862500
Memory 90,40,31,0.800500
Memory 100,40,31,0.750000
Memory 110,40,31,0.756000
Memory 120,40,31,0.715000
Memory 130,40,31,0.653000
Memory 140,40,31,0.678000
Memory 150,40,31,0.591500
Memory 160,40,31,0.597500
Memory 170,40,31,0.628500
Memory 180,40,31,0.605500
Memory 190,40,31,0.555500
Memory 200,40,31,0.525000
Memory 10,40,36,1.000000
Memory 20,40,36,1.000000
Memory 30,40,36,1.000000
Memory 40,40,36,1.000000
Memory 50,40,36,1.000000
Memory 60,40,36,0.983500
Memory 70,40,36,0.928000
Memory 80,40,36,0.937500
Memory 90,40,36,0.811500
Memory 100,40,36,0.870000
Memory 110,40,36,0.809500
Memory 120,40,36,0.699000
Memory 130,40,36,0.676500
Memory 140,40,36,0.592500
Memory 150,40,36,0.612500
Memory 160,40,36,0.663000
Memory 170,40,36,0.595500
Memory 180,40,36,0.616000
Memory 190,40,36,0.549000
Memory 200,40,36,0.515000
Memory 10,40,42,1.000000
Memory 20,40,42,1.000000
Memory 30,40,42,1.000000
Memory 40,40,42,1.000000
Memory 50,40,42,0.980000
Memory 60,40,42,0.950000
Memory 70,40,42,0.913000
Memory 80,40,42,0.862500
Memory 90,40,42,0.801500
Memory 100,40,42,0.780000
Memory 110,40,42,0.727500
Memory 120,40,42,0.749500
Memory 130,40,42,0.653500
Memory 140,40,42,0.635500
Memory 150,40,42,0.606500
Memory 160,40,42,0.649500
Memory 170,40,42,0.559500
Memory 180,40,42,0.634500
Memory 190,40,42,0.553000
Memory 200,40,42,0.565000
Memory 10,40,48,1.000000
Memory 20,40,48,1.000000
Memory 30,40,48,1.000000
Memory 40,40,48,1.000000
Memory 50,40,48,1.000000
Memory 60,40,48,0.983500
Memory 70,40,48,0.957000
Memory 80,40,48,0.950000
Memory 90,40,48,0.778000
Memory 100,40,48,0.740000
Memory 110,40,48,0.737500
Memory 120,40,48,0.747500
Memory 130,40,48,0.676500
Memory 140,40,48,0.621000
Memory 150,40,48,0.603500
Memory 160,40,48,0.579500
Memory 170,40,48,0.595500
Memory 180,40,48,0.549500
Memory 190,40,48,0.570500
Memory 200,40,48,0.545000
Memory 10,40,54,1.000000
Memory 20,40,54,1.000000
Memory 30,40,54,1.000000
Memory 40,40,54,1.000000
Memory 50,40,54,1.000000
Memory 60,40,54,1.000000
Memory 70,40,54,0.871500
Memory 80,40,54,0.937500
Memory 90,40,54,0.822000
Memory 100,40,54,0.820000
Memory 110,40,54,0.782500
Memory 120,40,54,0.740500
Memory 130,40,54,0.631000
Memory 140,40,54,0.635000
Memory 150,40,54,0.579500
Memory 160,40,54,0.610500
Memory 170,40,54,0.566000
Memory 180,40,54,0.572500
Memory 190,40,54,0.555500
Memory 200,40,54,0.640000
Memory 10,40,59,1.000000
Memory 20,40,59,1.000000
Memory 30,40,59,1.000000
Memory 40,40,59,1.000000
Memory 50,40,59,1.000000
Memory 60,40,59,0.983500
Memory 70,40,59,0.899500
Memory 80,40,59,0.812500
Memory 90,40,59,0.755000
Memory 100,40,59,0.780000
Memory 110,40,59,0.809500
Memory 120,40,59,0.783500
Memory 130,40,59,0.638000
Memory 140,40,59,0.622500
Memory 150,40,59,0.674500
Memory 160,40,59,0.624500
Memory 170,40,59,0.605500
Memory 180,40,59,0.570500
Memory 190,40,59,0.567500
Memory 200,40,59,0.615000
Memory 10,40,62,1.000000
Memory 20,40,62,1.000000
Memory 30,40,62,1.000000
Memory 40,40,62,1.000000
Memory 50,40,62,1.000000
Memory 60,40,62,1.000000
Memory 70,40,62,0.986000
Memory 80,40,62,0.825000
Memory 90,40,62,0.889000
Memory 100,40,62,0.760000
Memory 110,40,62,0.763500
Memory 120,40,62,0.708000
Memory 130,40,62,0.715000
Memory 140,40,62,0.620500
Memory 150,40,62,0.614500
Memory 160,40,62,0.623500
Memory 170,40,62,0.640500
Memory 180,40,62,0.549500
Memory 190,40,62,0.539000
Memory 200,40,62,0.580000
Memory 10,50,7,1.000000
Memory 20,50,7,1.000000
Memory 30,50,7,1.000000
Memory 40,50,7,1.000000
Memory 50,50,7,1.000000
Memory 60,50,7,1.000000
Memory 70,50,7,0.985500
Memory 80,50,7,0.987500
Memory 90,50,7,0.955000
Memory 100,50,7,0.860000
Memory 110,50,7,0.827000
Memory 120,50,7,0.832000
Memory 130,50,7,0.746500
Memory 140,50,7,0.708000
Memory 150,50,7,0.672000
Memory 160,50,7,0.736500
Memory 170,50,7,0.599000
Memory 180,50,7,0.682500
Memory 190,50,7,0.700500
Memory 200,50,7,0.635000
Memory 10,50,12,1.000000
Memory 20,50,12,1.000000
Memory 30,50,12,1.000000
Memory 40,50,12,1.000000
Memory 50,50,12,1.000000
Memory 60,50,12,1.000000
Memory 70,50,12,0.986000
Memory 80,50,12,0.975000
Memory 90,50,12,0.967000
Memory 100,50,12,0.870000
Memory 110,50,12,0.801500
Memory 120,50,12,0.773000
Memory 130,50,12,0.770500
Memory 140,50,12,0.735500
Memory 150,50,12,0.679500
Memory 160,50,12,0.713500
Memory 170,50,12,0.714000
Memory 180,50,12,0.594500
Memory 190,50,12,0.665000
Memory 200,50,12,0.625000
Memory 10,50,24,1.000000
Memory 20,50,24,1.000000
Memory 30,50,24,1.000000
Memory 40,50,24,1.000000
Memory 50,50,24,1.000000
Memory 60,50,24,1.000000
Memory 70,50,24,0.985500
Memory 80,50,24,0.962500
Memory 90,50,24,0.945000
Memory 100,50,24,0.860000
Memory 110,50,24,0.772000
Memory 120,50,24,0.799500
Memory 130,50,24,0.745500
Memory 140,50,24,0.749500
Memory 150,50,24,0.564500
Memory 160,50,24,0.689000
Memory 170,50,24,0.681000
Memory 180,50,24,0.620500
Memory 190,50,24,0.614000
Memory 200,50,24,0.700000
Memory 10,50,31,1.000000
Memory 20,50,31,1.000000
Memory 30,50,31,1.000000
Memory 40,50,31,1.000000
Memory 50,50,31,1.000000
Memory 60,50,31,1.000000
Memory 70,50,31,1.000000
Memory 80,50,31,0.925000
Memory 90,50,31,0.966500
Memory 100,50,31,0.880000
Memory 110,50,31,0.827500
Memory 120,50,31,0.799500
Memory 130,50,31,0.721000
Memory 140,50,31,0.736000
Memory 150,50,31,0.685000
Memory 160,50,31,0.684000
Memory 170,50,31,0.605500
Memory 180,50,31,0.577500
Memory 190,50,31,0.575500
Memory 200,50,31,0.620000
Memory 10,50,36,1.000000
Memory 20,50,36,1.000000
Memory 30,50,36,1.000000
Memory 40,50,36,1.000000
Memory 50,50,36,1.000000
Memory 60,50,36,1.000000
Memory 70,50,36,0.929000
Memory 80,50,36,0.987500
Memory 90,50,36,0.889000
Memory 100,50,36,0.820000
Memory 110,50,36,0.801500
Memory 120,50,36,0.764500
Memory 130,50,36,0.791500
Memory 140,50,36,0.743500
Memory 150,50,36,0.644500
Memory 160,50,36,0.599000
Memory 170,50,36,0.759500
Memory 180,50,36,0.605000
Memory 190,50,36,0.586500
Memory 200,50,36,0.595000
Memory 10,50,42,1.000000
Memory 20,50,42,1.000000
Memory 30,50,42,1.000000
Memory 40,50,42,1.000000
Memory 50,50,42,1.000000
Memory 60,50,42,1.000000
Memory 70,50,42,0.942500
Memory 80,50,42,0.937500
Memory 90,50,42,0.933000
Memory 100,50,42,0.830000
Memory 110,50,42,0.846000
Memory 120,50,42,0.815000
Memory 130,50,42,0.736500
Memory 140,50,42,0.691500
Memory 150,50,42,0.737500
Memory 160,50,42,0.682000
Memory 170,50,42,0.601500
Memory 180,50,42,0.611000
Memory 190,50,42,0.589500
Memory 200,50,42,0.605000
Memory 10,50,48,1.000000
Memory 20,50,48,1.000000
Memory 30,50,48,1.000000
Memory 40,50,48,1.000000
Memory 50,50,48,1.000000
Memory 60,50,48,1.000000
Memory 70,50,48,0.986000
Memory 80,50,48,1.000000
Memory 90,50,48,0.900000
Memory 100,50,48,0.880000
Memory 110,50,48,0.873500
Memory 120,50,48,0.824000
Memory 130,50,48,0.783000
Memory 140,50,48,0.686500
Memory 150,50,48,0.684500
Memory 160,50,48,0.675000
Memory 170,50,48,0.623500
Memory 180,50,48,0.600500
Memory 190,50,48,0.634500
Memory 200,50,48,0.630000
Memory 10,50,54,1.000000
Memory 20,50,54,1.000000
Memory 30,50,54,1.000000
Memory 40,50,54,1.000000
Memory 50,50,54,1.000000
Memory 60,50,54,1.000000
Memory 70,50,54,0.971500
Memory 80,50,54,0.925000
Memory 90,50,54,0.911500
Memory 100,50,54,0.860000
Memory 110,50,54,0.818000
Memory 120,50,54,0.759500
Memory 130,50,54,0.800500
Memory 140,50,54,0.730000
Memory 150,50,54,0.690000
Memory 160,50,54,0.668500
Memory 170,50,54,0.718500
Memory 180,50,54,0.634500
Memory 190,50,54,0.631000
Memory 200,50,54,0.625000
Memory 10,50,59,1.000000
Memory 20,50,59,1.000000
Memory 30,50,59,1.000000
Memory 40,50,59,1.000000
Memory 50,50,59,1.000000
Memory 60,50,59,1.000000
Memory 70,50,59,0.986000
Memory 80,50,59,0.975000
Memory 90,50,59,0.878000
Memory 100,50,59,0.810000
Memory 110,50,59,0.827000
Memory 120,50,59,0.732500
Memory 130,50,59,0.776500
Memory 140,50,59,0.705500
Memory 150,50,59,0.683500
Memory 160,50,59,0.694500
Memory 170,50,59,0.654000
Memory 180,50,59,0.621000
Memory 190,50,59,0.631500
Memory 200,50,59,0.605000
Memory 10,50,62,1.000000
Memory 20,50,62,1.000000
Memory 30,50,62,1.000000
Memory 40,50,62,1.000000
Memory 50,50,62,1.000000
Memory 60,50,62,1.000000
Memory 70,50,62,0.942000
Memory 80,50,62,0.962500
Memory 90,50,62,0.922000
Memory 100,50,62,0.800000
Memory 110,50,62,0.809000
Memory 120,50,62,0.807000
Memory 130,50,62,0.723000
Memory 140,50,62,0.673500
Memory 150,50,62,0.646000
Memory 160,50,62,0.701500
Memory 170,50,62,0.688500
Memory 180,50,62,0.610500
Memory 190,50,62,0.605000
Memory 200,50,62,0.605000
