Memory 10,10,7,1.000000
Memory 20,10,7,1.000000
Memory 30,10,7,0.699500
Memory 40,10,7,0.725000
Memory 50,10,7,0.640000
Memory 60,10,7,0.617500
Memory 70,10,7,0.570500
Memory 80,10,7,0.450000
Memory 90,10,7,0.465500
Memory 100,10,7,0.470000
Memory 110,10,7,0.436000
Memory 120,10,7,0.433000
Memory 130,10,7,0.432500
Memory 140,10,7,0.412000
Memory 150,10,7,0.400500
Memory 160,10,7,0.409000
Memory 170,10,7,0.393500
Memory 180,10,7,0.370000
Memory 190,10,7,0.338500
Memory 200,10,7,0.425000
Memory 10,10,12,1.000000
Memory 20,10,12,0.850000
Memory 30,10,12,0.733000
Memory 40,10,12,0.700000
Memory 50,10,12,0.540000
Memory 60,10,12,0.616000
Memory 70,10,12,0.513500
Memory 80,10,12,0.412500
Memory 90,10,12,0.544000
Memory 100,10,12,0.500000
Memory 110,10,12,0.463500
Memory 120,10,12,0.417000
Memory 130,10,12,0.407000
Memory 140,10,12,0.333000
Memory 150,10,12,0.379500
Memory 160,10,12,0.355000
Memory 170,10,12,0.394000
Memory 180,10,12,0.389000
Memory 190,10,12,0.354000
Memory 200,10,12,0.410000
Memory 10,10,24,1.000000
Memory 20,10,24,1.000000
Memory 30,10,24,0.900500
Memory 40,10,24,0.700000
Memory 50,10,24,0.680000
Memory 60,10,24,0.666500
Memory 70,10,24,0.656000
Memory 80,10,24,0.487500
Memory 90,10,24,0.443000
Memory 100,10,24,0.470000
Memory 110,10,24,0.428000
Memory 120,10,24,0.417000
Memory 130,10,24,0.416500
Memory 140,10,24,0.356500
Memory 150,10,24,0.414500
Memory 160,10,24,0.424500
Memory 170,10,24,0.486500
Memory 180,10,24,0.384000
Memory 190,10,24,0.425000
Memory 200,10,24,0.415000
Memory 10,10,31,1.000000
Memory 20,10,31,0.950000
Memory 30,10,31,0.933500
Memory 40,10,31,0.750000
Memory 50,10,31,0.620000
Memory 60,10,31,0.567000
Memory 70,10,31,0.572500
Memory 80,10,31,0.412500
Memory 90,10,31,0.488000
Memory 100,10,31,0.480000
Memory 110,10,31,0.363500
Memory 120,10,31,0.433000
Memory 130,10,31,0.416500
Memory 140,10,31,0.395000
Memory 150,10,31,0.366000
Memory 160,10,31,0.418000
Memory 170,10,31,0.382000
Memory 180,10,31,0.399000
Memory 190,10,31,0.346000
Memory 200,10,31,0.395000
Memory 10,10,36,1.000000
Memory 20,10,36,1.000000
Memory 30,10,36,0.833000
Memory 40,10,36,0.625000
Memory 50,10,36,0.540000
Memory 60,10,36,0.583000
Memory 70,10,36,0.643500
Memory 80,10,36,0.425000
Memory 90,10,36,0.444500
Memory 100,10,36,0.430000
Memory 110,10,36,0.435500
Memory 120,10,36,0.414000
Memory 130,10,36,0.407000
Memory 140,10,36,0.333000
Memory 150,10,36,0.422000
Memory 160,10,36,0.342500
Memory 170,10,36,0.435000
Memory 180,10,36,0.382000
Memory 190,10,36,0.385000
Memory 200,10,36,0.435000
Memory 10,10,42,1.000000
Memory 20,10,42,0.950000
Memory 30,10,42,0.866500
Memory 40,10,42,0.675000
Memory 50,10,42,0.540000
Memory 60,10,42,0.616000
Memory 70,10,42,0.644000
Memory 80,10,42,0.525000
Memory 90,10,42,0.489500
Memory 100,10,42,0.480000
Memory 110,10,42,0.391500
Memory 120,10,42,0.417000
Memory 130,10,42,0.438500
Memory 140,10,42,0.391000
Memory 150,10,42,0.373000
Memory 160,10,42,0.374000
Memory 170,10,42,0.387000
Memory 180,10,42,0.376000
Memory 190,10,42,0.311000
Memory 200,10,42,0.420000
Memory 10,10,48,1.000000
Memory 20,10,48,1.000000
Memory 30,10,48,0.867000
Memory 40,10,48,0.700000
Memory 50,10,48,0.580000
Memory 60,10,48,0.582500
Memory 70,10,48,0.585000
Memory 80,10,48,0.437500
Memory 90,10,48,0.511000
Memory 100,10,48,0.450000
Memory 110,10,48,0.470500
Memory 120,10,48,0.415500
Memory 130,10,48,0.394500
Memory 140,10,48,0.343000
Memory 150,10,48,0.365500
Memory 160,10,48,0.386000
Memory 170,10,48,0.395500
Memory 180,10,48,0.305000
Memory 190,10,48,0.407000
Memory 200,10,48,0.370000
Memory 10,10,54,1.000000
Memory 20,10,54,0.900000
Memory 30,10,54,0.933000
Memory 40,10,54,0.650000
Memory 50,10,54,0.440000
Memory 60,10,54,0.649500
Memory 70,10,54,0.570500
Memory 80,10,54,0.450000
Memory 90,10,54,0.476500
Memory 100,10,54,0.470000
Memory 110,10,54,0.379500
Memory 120,10,54,0.433500
Memory 130,10,54,0.432000
Memory 140,10,54,0.398500
Memory 150,10,54,0.386500
Memory 160,10,54,0.341500
Memory 170,10,54,0.417000
Memory 180,10,54,0.359500
Memory 190,10,54,0.359500
Memory 200,10,54,0.420000
Memory 10,10,59,1.000000
Memory 20,10,59,1.000000
Memory 30,10,59,0.766500
Memory 40,10,59,0.725000
Memory 50,10,59,0.600000
Memory 60,10,59,0.565500
Memory 70,10,59,0.615000
Memory 80,10,59,0.437500
Memory 90,10,59,0.411000
Memory 100,10,59,0.430000
Memory 110,10,59,0.453000
Memory 120,10,59,0.391500
Memory 130,10,59,0.445500
Memory 140,10,59,0.404500
Memory 150,10,59,0.360500
Memory 160,10,59,0.376000
Memory 170,10,59,0.370000
Memory 180,10,59,0.356500
Memory 190,10,59,0.360500
Memory 200,10,59,0.380000
Memory 10,10,62,1.000000
Memory 20,10,62,1.000000
Memory 30,10,62,0.666500
Memory 40,10,62,0.550000
Memory 50,10,62,0.640000
Memory 60,10,62,0.549500
Memory 70,10,62,0.599500
Memory 80,10,62,0.462500
Memory 90,10,62,0.476500
Memory 100,10,62,0.510000
Memory 110,10,62,0.500000
Memory 120,10,62,0.449500
Memory 130,10,62,0.424000
Memory 140,10,62,0.384000
Memory 150,10,62,0.380000
Memory 160,10,62,0.367500
Memory 170,10,62,0.449000
Memory 180,10,62,0.334000
Memory 190,10,62,0.410500
Memory 200,10,62,0.390000
Memory 10,20,7,1.000000
Memory 20,20,7,1.000000
Memory 30,20,7,1.000000
Memory 40,20,7,0.900000
Memory 50,20,7,0.800000
Memory 60,20,7,0.666500
Memory 70,20,7,0.671000
Memory 80,20,7,0.637500
Memory 90,20,7,0.665000
Memory 100,20,7,0.660000
Memory 110,20,7,0.553500
Memory 120,20,7,0.540500
Memory 130,20,7,0.493000
Memory 140,20,7,0.485500
Memory 150,20,7,0.460500
Memory 160,20,7,0.430000
Memory 170,20,7,0.439500
Memory 180,20,7,0.495000
Memory 190,20,7,0.385000
Memory 200,20,7,0.500000
Memory 10,20,12,1.000000
Memory 20,20,12,1.000000
Memory 30,20,12,0.966500
Memory 40,20,12,0.875000
Memory 50,20,12,0.800000
Memory 60,20,12,0.767500
Memory 70,20,12,0.715000
Memory 80,20,12,0.587500
Memory 90,20,12,0.655000
Memory 100,20,12,0.610000
Memory 110,20,12,0.527500
Memory 120,20,12,0.574000
Memory 130,20,12,0.492000
Memory 140,20,12,0.476500
Memory 150,20,12,0.462000
Memory 160,20,12,0.430500
Memory 170,20,12,0.506500
Memory 180,20,12,0.443500
Memory 190,20,12,0.420000
Memory 200,20,12,0.475000
Memory 10,20,24,1.000000
Memory 20,20,24,1.000000
Memory 30,20,24,1.000000
Memory 40,20,24,0.900000
Memory 50,20,24,0.880000
Memory 60,20,24,0.733000
Memory 70,20,24,0.757500
Memory 80,20,24,0.550000
Memory 90,20,24,0.564000
Memory 100,20,24,0.620000
Memory 110,20,24,0.561500
Memory 120,20,24,0.439500
Memory 130,20,24,0.468000
Memory 140,20,24,0.484500
Memory 150,20,24,0.474000
Memory 160,20,24,0.461500
Memory 170,20,24,0.490000
Memory 180,20,24,0.405500
Memory 190,20,24,0.404000
Memory 200,20,24,0.455000
Memory 10,20,31,1.000000
Memory 20,20,31,1.000000
Memory 30,20,31,1.000000
Memory 40,20,31,0.925000
Memory 50,20,31,0.700000
Memory 60,20,31,0.783500
Memory 70,20,31,0.714500
Memory 80,20,31,0.612500
Memory 90,20,31,0.566000
Memory 100,20,31,0.580000
Memory 110,20,31,0.582500
Memory 120,20,31,0.515000
Memory 130,20,31,0.500000
Memory 140,20,31,0.457000
Memory 150,20,31,0.480000
Memory 160,20,31,0.487500
Memory 170,20,31,0.480500
Memory 180,20,31,0.373500
Memory 190,20,31,0.418500
Memory 200,20,31,0.455000
Memory 10,20,36,1.000000
Memory 20,20,36,1.000000
Memory 30,20,36,0.966500
Memory 40,20,36,0.925000
Memory 50,20,36,0.740000
Memory 60,20,36,0.800000
Memory 70,20,36,0.729000
Memory 80,20,36,0.650000
Memory 90,20,36,0.590000
Memory 100,20,36,0.610000
Memory 110,20,36,0.572000
Memory 120,20,36,0.541500
Memory 130,20,36,0.529000
Memory 140,20,36,0.457000
Memory 150,20,36,0.473000
Memory 160,20,36,0.527500
Memory 170,20,36,0.464500
Memory 180,20,36,0.444000
Memory 190,20,36,0.439500
Memory 200,20,36,0.455000
Memory 10,20,42,1.000000
Memory 20,20,42,1.000000
Memory 30,20,42,1.000000
Memory 40,20,42,0.900000
Memory 50,20,42,0.760000
Memory 60,20,42,0.683500
Memory 70,20,42,0.715000
Memory 80,20,42,0.637500
Memory 90,20,42,0.611000
Memory 100,20,42,0.540000
Memory 110,20,42,0.509000
Memory 120,20,42,0.516000
Memory 130,20,42,0.539500
Memory 140,20,42,0.456000
Memory 150,20,42,0.549000
Memory 160,20,42,0.463000
Memory 170,20,42,0.480500
Memory 180,20,42,0.461500
Memory 190,20,42,0.459500
Memory 200,20,42,0.450000
Memory 10,20,48,1.000000
Memory 20,20,48,1.000000
Memory 30,20,48,1.000000
Memory 40,20,48,0.850000
Memory 50,20,48,0.820000
Memory 60,20,48,0.733000
Memory 70,20,48,0.785500
Memory 80,20,48,0.537500
Memory 90,20,48,0.622500
Memory 100,20,48,0.540000
Memory 110,20,48,0.564500
Memory 120,20,48,0.516000
Memory 130,20,48,0.506500
Memory 140,20,48,0.435500
Memory 150,20,48,0.492000
Memory 160,20,48,0.437500
Memory 170,20,48,0.446500
Memory 180,20,48,0.403500
Memory 190,20,48,0.432000
Memory 200,20,48,0.460000
Memory 10,20,54,1.000000
Memory 20,20,54,1.000000
Memory 30,20,54,1.000000
Memory 40,20,54,0.825000
Memory 50,20,54,0.800000
Memory 60,20,54,0.800500
Memory 70,20,54,0.683500
Memory 80,20,54,0.612500
Memory 90,20,54,0.611000
Memory 100,20,54,0.630000
Memory 110,20,54,0.500500
Memory 120,20,54,0.499500
Memory 130,20,54,0.529500
Memory 140,20,54,0.484500
Memory 150,20,54,0.457000
Memory 160,20,54,0.429500
Memory 170,20,54,0.469500
Memory 180,20,54,0.461500
Memory 190,20,54,0.429000
Memory 200,20,54,0.455000
Memory 10,20,59,1.000000
Memory 20,20,59,1.000000
Memory 30,20,59,0.966500
Memory 40,20,59,0.925000
Memory 50,20,59,0.860000
Memory 60,20,59,0.849000
Memory 70,20,59,0.728500
Memory 80,20,59,0.575000
Memory 90,20,59,0.587000
Memory 100,20,59,0.540000
Memory 110,20,59,0.470500
Memory 120,20,59,0.550000
Memory 130,20,59,0.506500
Memory 140,20,59,0.472000
Memory 150,20,59,0.499500
Memory 160,20,59,0.488500
Memory 170,20,59,0.454500
Memory 180,20,59,0.449500
Memory 190,20,59,0.441500
Memory 200,20,59,0.460000
Memory 10,20,62,1.000000
Memory 20,20,62,1.000000
Memory 30,20,62,0.966500
Memory 40,20,62,0.900000
Memory 50,20,62,0.860000
Memory 60,20,62,0.715500
Memory 70,20,62,0.742000
Memory 80,20,62,0.687500
Memory 90,20,62,0.622000
Memory 100,20,62,0.620000
Memory 110,20,62,0.499500
Memory 120,20,62,0.515500
Memory 130,20,62,0.518000
Memory 140,20,62,0.464500
Memory 150,20,62,0.460500
Memory 160,20,62,0.442500
Memory 170,20,62,0.510500
Memory 180,20,62,0.443500
Memory 190,20,62,0.436000
Memory 200,20,62,0.450000
Memory 10,30,7,1.000000
Memory 20,30,7,1.000000
Memory 30,30,7,1.000000
Memory 40,30,7,1.000000
Memory 50,30,7,0.920000
Memory 60,30,7,0.916000
Memory 70,30,7,0.914500
Memory 80,30,7,0.775000
Memory 90,30,7,0.755500
Memory 100,30,7,0.740000
Memory 110,30,7,0.572500
Memory 120,30,7,0.659500
Memory 130,30,7,0.560000
Memory 140,30,7,0.471500
Memory 150,30,7,0.553500
Memory 160,30,7,0.561500
Memory 170,30,7,0.560000
Memory 180,30,7,0.494500
Memory 190,30,7,0.447000
Memory 200,30,7,0.510000
Memory 10,30,12,1.000000
Memory 20,30,12,1.000000
Memory 30,30,12,1.000000
Memory 40,30,12,1.000000
Memory 50,30,12,0.940000
Memory 60,30,12,0.867000
Memory 70,30,12,0.928000
Memory 80,30,12,0.637500
Memory 90,30,12,0.722500
Memory 100,30,12,0.690000
Memory 110,30,12,0.591000
Memory 120,30,12,0.631500
Memory 130,30,12,0.592500
Memory 140,30,12,0.533500
Memory 150,30,12,0.573000
Memory 160,30,12,0.525000
Memory 170,30,12,0.620500
Memory 180,30,12,0.482000
Memory 190,30,12,0.477500
Memory 200,30,12,0.530000
Memory 10,30,24,1.000000
Memory 20,30,24,1.000000
Memory 30,30,24,1.000000
Memory 40,30,24,1.000000
Memory 50,30,24,0.860000
Memory 60,30,24,0.865500
Memory 70,30,24,0.814500
Memory 80,30,24,0.712500
Memory 90,30,24,0.711500
Memory 100,30,24,0.770000
Memory 110,30,24,0.671500
Memory 120,30,24,0.675000
Memory 130,30,24,0.590000
Memory 140,30,24,0.518500
Memory 150,30,24,0.557500
Memory 160,30,24,0.568000
Memory 170,30,24,0.522500
Memory 180,30,24,0.510500
Memory 190,30,24,0.529500
Memory 200,30,24,0.525000
Memory 10,30,31,1.000000
Memory 20,30,31,1.000000
Memory 30,30,31,1.000000
Memory 40,30,31,1.000000
Memory 50,30,31,0.980000
Memory 60,30,31,0.801000
Memory 70,30,31,0.813500
Memory 80,30,31,0.725000
Memory 90,30,31,0.733500
Memory 100,30,31,0.680000
Memory 110,30,31,0.626500
Memory 120,30,31,0.593500
Memory 130,30,31,0.622000
Memory 140,30,31,0.550000
Memory 150,30,31,0.532500
Memory 160,30,31,0.499500
Memory 170,30,31,0.541000
Memory 180,30,31,0.517500
Memory 190,30,31,0.542000
Memory 200,30,31,0.490000
Memory 10,30,36,1.000000
Memory 20,30,36,1.000000
Memory 30,30,36,1.000000
Memory 40,30,36,1.000000
Memory 50,30,36,0.920000
Memory 60,30,36,0.950000
Memory 70,30,36,0.900000
Memory 80,30,36,0.787500
Memory 90,30,36,0.676500
Memory 100,30,36,0.630000
Memory 110,30,36,0.610000
Memory 120,30,36,0.617500
Memory 130,30,36,0.554000
Memory 140,30,36,0.577500
Memory 150,30,36,0.487000
Memory 160,30,36,0.549500
Memory 170,30,36,0.605500
Memory 180,30,36,0.534000
Memory 190,30,36,0.518000
Memory 200,30,36,0.535000
Memory 10,30,42,1.000000
Memory 20,30,42,1.000000
Memory 30,30,42,1.000000
Memory 40,30,42,1.000000
Memory 50,30,42,0.920000
Memory 60,30,42,0.883500
Memory 70,30,42,0.828000
Memory 80,30,42,0.712500
Memory 90,30,42,0.677000
Memory 100,30,42,0.660000
Memory 110,30,42,0.653500
Memory 120,30,42,0.625000
Memory 130,30,42,0.623500
Memory 140,30,42,0.521000
Memory 150,30,42,0.537500
Memory 160,30,42,0.536500
Memory 170,30,42,0.589500
Memory 180,30,42,0.466000
Memory 190,30,42,0.521000
Memory 200,30,42,0.540000
Memory 10,30,48,1.000000
Memory 20,30,48,1.000000
Memory 30,30,48,1.000000
Memory 40,30,48,1.000000
Memory 50,30,48,0.940000
Memory 60,30,48,0.916500
Memory 70,30,48,0.757000
Memory 80,30,48,0.750000
Memory 90,30,48,0.722000
Memory 100,30,48,0.720000
Memory 110,30,48,0.655500
Memory 120,30,48,0.606500
Memory 130,30,48,0.570500
Memory 140,30,48,0.570000
Memory 150,30,48,0.575000
Memory 160,30,48,0.533000
Memory 170,30,48,0.524500
Memory 180,30,48,0.523500
Memory 190,30,48,0.478000
Memory 200,30,48,0.545000
Memory 10,30,54,1.000000
Memory 20,30,54,1.000000
Memory 30,30,54,1.000000
Memory 40,30,54,1.000000
Memory 50,30,54,0.960000
Memory 60,30,54,0.934000
Memory 70,30,54,0.856000
Memory 80,30,54,0.762500
Memory 90,30,54,0.743500
Memory 100,30,54,0.700000
Memory 110,30,54,0.736500
Memory 120,30,54,0.616000
Memory 130,30,54,0.684000
Memory 140,30,54,0.571000
Memory 150,30,54,0.561000
Memory 160,30,54,0.556000
Memory 170,30,54,0.576000
Memory 180,30,54,0.521500
Memory 190,30,54,0.502000
Memory 200,30,54,0.550000
Memory 10,30,59,1.000000
Memory 20,30,59,1.000000
Memory 30,30,59,1.000000
Memory 40,30,59,1.000000
Memory 50,30,59,0.920000
Memory 60,30,59,0.899500
Memory 70,30,59,0.814500
Memory 80,30,59,0.675000
Memory 90,30,59,0.711000
Memory 100,30,59,0.700000
Memory 110,30,59,0.689500
Memory 120,30,59,0.540000
Memory 130,30,59,0.546500
Memory 140,30,59,0.486000
Memory 150,30,59,0.519500
Memory 160,30,59,0.548000
Memory 170,30,59,0.531500
Memory 180,30,59,0.510000
Memory 190,30,59,0.467000
Memory 200,30,59,0.515000
Memory 10,30,62,1.000000
Memory 20,30,62,1.000000
Memory 30,30,62,1.000000
Memory 40,30,62,0.975000
Memory 50,30,62,0.900000
Memory 60,30,62,0.899500
Memory 70,30,62,0.829000
Memory 80,30,62,0.662500
Memory 90,30,62,0.666000
Memory 100,30,62,0.730000
Memory 110,30,62,0.700500
Memory 120,30,62,0.641000
Memory 130,30,62,0.615500
Memory 140,30,62,0.592000
Memory 150,30,62,0.581500
Memory 160,30,62,0.550500
Memory 170,30,62,0.575500
Memory 180,30,62,0.507500
Memory 190,30,62,0.531000
Memory 200,30,62,0.520000
Memory 10,40,7,1.000000
Memory 20,40,7,1.000000
Memory 30,40,7,1.000000
Memory 40,40,7,1.000000
Memory 50,40,7,1.000000
Memory 60,40,7,1.000000
Memory 70,40,7,0.928500
Memory 80,40,7,0.850000
Memory 90,40,7,0.822500
Memory 100,40,7,0.800000
Memory 110,40,7,0.763000
Memory 120,40,7,0.690000
Memory 130,40,7,0.675000
Memory 140,40,7,0.619500
Memory 150,40,7,0.647000
Memory 160,40,7,0.655000
Memory 170,40,7,0.628500
Memory 180,40,7,0.598500
Memory 190,40,7,0.572000
Memory 200,40,7,0.610000
Memory 10,40,12,1.000000
Memory 20,40,12,1.000000
Memory 30,40,12,1.000000
Memory 40,40,12,1.000000
Memory 50,40,12,1.000000
Memory 60,40,12,1.000000
Memory 70,40,12,1.000000
Memory 80,40,12,0.900000
Memory 90,40,12,0.822000
Memory 100,40,12,0.770000
Memory 110,40,12,0.763000
Memory 120,40,12,0.750500
Memory 130,40,12,0.647000
Memory 140,40,12,0.605000
Memory 150,40,12,0.667000
Memory 160,40,12,0.654500
Memory 170,40,12,0.576500
Memory 180,40,12,0.520500
Memory 190,40,12,0.552500
Memory 200,40,12,0.570000
Memory 10,40,24,1.000000
Memory 20,40,24,1.000000
Memory 30,40,24,1.000000
Memory 40,40,24,1.000000
Memory 50,40,24,1.000000
Memory 60,40,24,0.983500
Memory 70,40,24,0.957000
Memory 80,40,24,0.887500
Memory 90,40,24,0.876500
Memory 100,40,24,0.790000
Memory 110,40,24,0.781000
Memory 120,40,24,0.707500
Memory 130,40,24,0.615000
Memory 140,40,24,0.671000
Memory 150,40,24,0.625000
Memory 160,40,24,0.612000
Memory 170,40,24,0.593000
Memory 180,40,24,0.527000
Memory 190,40,24,0.524000
Memory 200,40,24,0.600000
Memory 10,40,31,1.000000
Memory 20,40,31,1.000000
Memory 30,40,31,1.000000
Memory 40,40,31,1.000000
Memory 50,40,31,1.000000
Memory 60,40,31,0.966000
Memory 70,40,31,0.957500
Memory 80,40,31,0.875000
Memory 90,40,31,0.778500
Memory 100,40,31,0.800000
Memory 110,40,31,0.753500
Memory 120,40,31,0.623000
Memory 130,40,31,0.638500
Memory 140,40,31,0.635500
Memory 150,40,31,0.604000
Memory 160,40,31,0.624500
Memory 170,40,31,0.598000
Memory 180,40,31,0.605500
Memory 190,40,31,0.551500
Memory 200,40,31,0.550000
Memory 10,40,36,1.000000
Memory 20,40,36,1.000000
Memory 30,40,36,1.000000
Memory 40,40,36,1.000000
Memory 50,40,36,1.000000
Memory 60,40,36,0.983000
Memory 70,40,36,0.928500
Memory 80,40,36,0.900000
Memory 90,40,36,0.733500
Memory 100,40,36,0.770000
Memory 110,40,36,0.728500
Memory 120,40,36,0.708500
Memory 130,40,36,0.639500
Memory 140,40,36,0.582500
Memory 150,40,36,0.587000
Memory 160,40,36,0.603000
Memory 170,40,36,0.561500
Memory 180,40,36,0.622500
Memory 190,40,36,0.577500
Memory 200,40,36,0.585000
Memory 10,40,42,1.000000
Memory 20,40,42,1.000000
Memory 30,40,42,1.000000
Memory 40,40,42,1.000000
Memory 50,40,42,1.000000
Memory 60,40,42,1.000000
Memory 70,40,42,0.985500
Memory 80,40,42,0.850000
Memory 90,40,42,0.821500
Memory 100,40,42,0.790000
Memory 110,40,42,0.736000
Memory 120,40,42,0.758500
Memory 130,40,42,0.660000
Memory 140,40,42,0.605000
Memory 150,40,42,0.630000
Memory 160,40,42,0.587500
Memory 170,40,42,0.617500
Memory 180,40,42,0.600000
Memory 190,40,42,0.545500
Memory 200,40,42,0.560000
Memory 10,40,48,1.000000
Memory 20,40,48,1.000000
Memory 30,40,48,1.000000
Memory 40,40,48,1.000000
Memory 50,40,48,1.000000
Memory 60,40,48,1.000000
Memory 70,40,48,0.928000
Memory 80,40,48,0.875000
Memory 90,40,48,0.789000
Memory 100,40,48,0.780000
Memory 110,40,48,0.798500
Memory 120,40,48,0.714000
Memory 130,40,48,0.670000
Memory 140,40,48,0.633500
Memory 150,40,48,0.566500
Memory 160,40,48,0.554500
Memory 170,40,48,0.569000
Memory 180,40,48,0.605500
Memory 190,40,48,0.593500
Memory 200,40,48,0.615000
Memory 10,40,54,1.000000
Memory 20,40,54,1.000000
Memory 30,40,54,1.000000
Memory 40,40,54,1.000000
Memory 50,40,54,1.000000
Memory 60,40,54,0.966500
Memory 70,40,54,0.971500
Memory 80,40,54,0.875000
Memory 90,40,54,0.834000
Memory 100,40,54,0.820000
Memory 110,40,54,0.744500
Memory 120,40,54,0.749000
Memory 130,40,54,0.653000
Memory 140,40,54,0.591500
Memory 150,40,54,0.611500
Memory 160,40,54,0.586000
Memory 170,40,54,0.584000
Memory 180,40,54,0.594000
Memory 190,40,54,0.561000
Memory 200,40,54,0.560000
Memory 10,40,59,1.000000
Memory 20,40,59,1.000000
Memory 30,40,59,1.000000
Memory 40,40,59,1.000000
Memory 50,40,59,1.000000
Memory 60,40,59,0.933500
Memory 70,40,59,1.000000
Memory 80,40,59,0.900000
Memory 90,40,59,0.844000
Memory 100,40,59,0.770000
Memory 110,40,59,0.771500
Memory 120,40,59,0.689000
Memory 130,40,59,0.722500
Memory 140,40,59,0.672000
Memory 150,40,59,0.580500
Memory 160,40,59,0.644000
Memory 170,40,59,0.663000
Memory 180,40,59,0.576500
Memory 190,40,59,0.525000
Memory 200,40,59,0.530000
Memory 10,40,62,1.000000
Memory 20,40,62,1.000000
Memory 30,40,62,1.000000
Memory 40,40,62,1.000000
Memory 50,40,62,1.000000
Memory 60,40,62,0.915500
Memory 70,40,62,0.929500
Memory 80,40,62,0.875000
Memory 90,40,62,0.799500
Memory 100,40,62,0.790000
Memory 110,40,62,0.706500
Memory 120,40,62,0.717000
Memory 130,40,62,0.660000
Memory 140,40,62,0.664500
Memory 150,40,62,0.579000
Memory 160,40,62,0.616500
Memory 170,40,62,0.662500
Memory 180,40,62,0.575500
Memory 190,40,62,0.551500
Memory 200,40,62,0.530000
Memory 10,50,7,1.000000
Memory 20,50,7,1.000000
Memory 30,50,7,1.000000
Memory 40,50,7,1.000000
Memory 50,50,7,1.000000
Memory 60,50,7,1.000000
Memory 70,50,7,0.957000
Memory 80,50,7,0.962500
Memory 90,50,7,0.921000
Memory 100,50,7,0.860000
Memory 110,50,7,0.809000
Memory 120,50,7,0.765000
Memory 130,50,7,0.731500
Memory 140,50,7,0.740500
Memory 150,50,7,0.680000
Memory 160,50,7,0.692500
Memory 170,50,7,0.669500
Memory 180,50,7,0.670500
Memory 190,50,7,0.627000
Memory 200,50,7,0.615000
Memory 10,50,12,1.000000
Memory 20,50,12,1.000000
Memory 30,50,12,1.000000
Memory 40,50,12,1.000000
Memory 50,50,12,1.000000
Memory 60,50,12,1.000000
Memory 70,50,12,1.000000
Memory 80,50,12,0.950000
Memory 90,50,12,0.888500
Memory 100,50,12,0.880000
Memory 110,50,12,0.862000
Memory 120,50,12,0.805500
Memory 130,50,12,0.778500
Memory 140,50,12,0.742500
Memory 150,50,12,0.680000
Memory 160,50,12,0.599500
Memory 170,50,12,0.632500
Memory 180,50,12,0.594000
Memory 190,50,12,0.603500
Memory 200,50,12,0.595000
Memory 10,50,24,1.000000
Memory 20,50,24,1.000000
Memory 30,50,24,1.000000
Memory 40,50,24,1.000000
Memory 50,50,24,1.000000
Memory 60,50,24,1.000000
Memory 70,50,24,0.985500
Memory 80,50,24,0.950000
Memory 90,50,24,0.978000
Memory 100,50,24,0.920000
Memory 110,50,24,0.854500
Memory 120,50,24,0.798500
Memory 130,50,24,0.747500
Memory 140,50,24,0.734000
Memory 150,50,24,0.701500
Memory 160,50,24,0.685000
Memory 170,50,24,0.663500
Memory 180,50,24,0.699500
Memory 190,50,24,0.609000
Memory 200,50,24,0.610000
Memory 10,50,31,1.000000
Memory 20,50,31,1.000000
Memory 30,50,31,1.000000
Memory 40,50,31,1.000000
Memory 50,50,31,1.000000
Memory 60,50,31,1.000000
Memory 70,50,31,1.000000
Memory 80,50,31,0.900000
Memory 90,50,31,0.921500
Memory 100,50,31,0.920000
Memory 110,50,31,0.853500
Memory 120,50,31,0.715500
Memory 130,50,31,0.746500
Memory 140,50,31,0.685500
Memory 150,50,31,0.699000
Memory 160,50,31,0.663500
Memory 170,50,31,0.669500
Memory 180,50,31,0.694500
Memory 190,50,31,0.620500
Memory 200,50,31,0.610000
Memory 10,50,36,1.000000
Memory 20,50,36,1.000000
Memory 30,50,36,1.000000
Memory 40,50,36,1.000000
Memory 50,50,36,1.000000
Memory 60,50,36,1.000000
Memory 70,50,36,0.971000
Memory 80,50,36,0.912500
Memory 90,50,36,0.900000
Memory 100,50,36,0.810000
Memory 110,50,36,0.781000
Memory 120,50,36,0.798000
Memory 130,50,36,0.739000
Memory 140,50,36,0.662500
Memory 150,50,36,0.680000
Memory 160,50,36,0.609500
Memory 170,50,36,0.634500
Memory 180,50,36,0.642500
Memory 190,50,36,0.579500
Memory 200,50,36,0.585000
Memory 10,50,42,1.000000
Memory 20,50,42,1.000000
Memory 30,50,42,1.000000
Memory 40,50,42,1.000000
Memory 50,50,42,1.000000
Memory 60,50,42,1.000000
Memory 70,50,42,1.000000
Memory 80,50,42,0.925000
Memory 90,50,42,0.922500
Memory 100,50,42,0.870000
Memory 110,50,42,0.845000
Memory 120,50,42,0.741500
Memory 130,50,42,0.776000
Memory 140,50,42,0.678500
Memory 150,50,42,0.691500
Memory 160,50,42,0.617000
Memory 170,50,42,0.715500
Memory 180,50,42,0.644500
Memory 190,50,42,0.583000
Memory 200,50,42,0.640000
Memory 10,50,48,1.000000
Memory 20,50,48,1.000000
Memory 30,50,48,1.000000
Memory 40,50,48,1.000000
Memory 50,50,48,1.000000
Memory 60,50,48,1.000000
Memory 70,50,48,1.000000
Memory 80,50,48,0.925000
Memory 90,50,48,0.889500
Memory 100,50,48,0.860000
Memory 110,50,48,0.827000
Memory 120,50,48,0.752500
Memory 130,50,48,0.739500
Memory 140,50,48,0.700500
Memory 150,50,48,0.736000
Memory 160,50,48,0.717000
Memory 170,50,48,0.641500
Memory 180,50,48,0.640500
Memory 190,50,48,0.597500
Memory 200,50,48,0.535000
Memory 10,50,54,1.000000
Memory 20,50,54,1.000000
Memory 30,50,54,1.000000
Memory 40,50,54,1.000000
Memory 50,50,54,1.000000
Memory 60,50,54,1.000000
Memory 70,50,54,0.985500
Memory 80,50,54,0.937500
Memory 90,50,54,0.899500
Memory 100,50,54,0.920000
Memory 110,50,54,0.790000
Memory 120,50,54,0.831000
Memory 130,50,54,0.759500
Memory 140,50,54,0.734000
Memory 150,50,54,0.700000
Memory 160,50,54,0.654500
Memory 170,50,54,0.671500
Memory 180,50,54,0.610500
Memory 190,50,54,0.573500
Memory 200,50,54,0.610000
Memory 10,50,59,1.000000
Memory 20,50,59,1.000000
Memory 30,50,59,1.000000
Memory 40,50,59,1.000000
Memory 50,50,59,1.000000
Memory 60,50,59,1.000000
Memory 70,50,59,1.000000
Memory 80,50,59,0.975000
Memory 90,50,59,0.922500
Memory 100,50,59,0.880000
Memory 110,50,59,0.780000
Memory 120,50,59,0.750000
Memory 130,50,59,0.752000
Memory 140,50,59,0.733500
Memory 150,50,59,0.677500
Memory 160,50,59,0.666000
Memory 170,50,59,0.693500
Memory 180,50,59,0.655000
Memory 190,50,59,0.567500
Memory 200,50,59,0.635000
Memory 10,50,62,1.000000
Memory 20,50,62,1.000000
Memory 30,50,62,1.000000
Memory 40,50,62,1.000000
Memory 50,50,62,1.000000
Memory 60,50,62,1.000000
Memory 70,50,62,1.000000
Memory 80,50,62,0.975000
Memory 90,50,62,0.911500
Memory 100,50,62,0.890000
Memory 110,50,62,0.854000
Memory 120,50,62,0.824000
Memory 130,50,62,0.791000
Memory 140,50,62,0.657500
Memory 150,50,62,0.765000
Memory 160,50,62,0.624000
Memory 170,50,62,0.706000
Memory 180,50,62,0.654500
Memory 190,50,62,0.657500
Memory 200,50,62,0.625000
