Memory 10,100,7,1.000000
Memory 20,100,7,1.000000
Memory 30,100,7,0.967000
Memory 40,100,7,0.975000
Memory 50,100,7,0.980000
Memory 60,100,7,0.900000
Memory 70,100,7,0.892000
Memory 80,100,7,0.937500
Memory 90,100,7,0.882500
Memory 100,100,7,0.915000
Memory 110,100,7,0.927000
Memory 120,100,7,0.898000
Memory 130,100,7,0.898000
Memory 140,100,7,0.937500
Memory 150,100,7,0.914500
Memory 160,100,7,0.911500
Memory 170,100,7,0.806000
Memory 180,100,7,0.831500
Memory 190,100,7,0.841500
Memory 200,100,7,0.802500
Memory 10,100,12,1.000000
Memory 20,100,12,1.000000
Memory 30,100,12,0.967000
Memory 40,100,12,0.975000
Memory 50,100,12,0.980000
Memory 60,100,12,0.925500
Memory 70,100,12,0.892500
Memory 80,100,12,0.943500
Memory 90,100,12,0.882500
Memory 100,100,12,0.900000
Memory 110,100,12,0.922500
Memory 120,100,12,0.910000
Memory 130,100,12,0.877500
Memory 140,100,12,0.940500
Memory 150,100,12,0.910000
Memory 160,100,12,0.907000
Memory 170,100,12,0.850000
Memory 180,100,12,0.829500
Memory 190,100,12,0.842500
Memory 200,100,12,0.827500
Memory 10,100,24,1.000000
Memory 20,100,24,1.000000
Memory 30,100,24,0.967000
Memory 40,100,24,0.975000
Memory 50,100,24,0.980000
Memory 60,100,24,0.917500
Memory 70,100,24,0.899500
Memory 80,100,24,0.950000
Memory 90,100,24,0.882000
Memory 100,100,24,0.905000
Memory 110,100,24,0.931500
Memory 120,100,24,0.897500
Memory 130,100,24,0.894000
Memory 140,100,24,0.935000
Memory 150,100,24,0.907500
Memory 160,100,24,0.897000
Memory 170,100,24,0.763500
Memory 180,100,24,0.828500
Memory 190,100,24,0.843000
Memory 200,100,24,0.648000
Memory 10,100,31,1.000000
Memory 20,100,31,1.000000
Memory 30,100,31,0.967000
Memory 40,100,31,0.975000
Memory 50,100,31,0.980000
Memory 60,100,31,0.958500
Memory 70,100,31,0.885000
Memory 80,100,31,0.944000
Memory 90,100,31,0.905000
Memory 100,100,31,0.900000
Memory 110,100,31,0.931500
Memory 120,100,31,0.906000
Memory 130,100,31,0.892500
Memory 140,100,31,0.929500
Memory 150,100,31,0.920000
Memory 160,100,31,0.901000
Memory 170,100,31,0.774000
Memory 180,100,31,0.828500
Memory 190,100,31,0.851000
Memory 200,100,31,0.830500
Memory 10,100,36,1.000000
Memory 20,100,36,1.000000
Memory 30,100,36,0.967000
Memory 40,100,36,0.975000
Memory 50,100,36,0.980000
Memory 60,100,36,0.908500
Memory 70,100,36,0.871000
Memory 80,100,36,0.937500
Memory 90,100,36,0.888000
Memory 100,100,36,0.920000
Memory 110,100,36,0.936000
Memory 120,100,36,0.902000
Memory 130,100,36,0.895000
Memory 140,100,36,0.935500
Memory 150,100,36,0.906000
Memory 160,100,36,0.907500
Memory 170,100,36,0.768000
Memory 180,100,36,0.824500
Memory 190,100,36,0.837500
Memory 200,100,36,0.708500
Memory 10,100,42,1.000000
Memory 20,100,42,1.000000
Memory 30,100,42,0.967000
Memory 40,100,42,0.975000
Memory 50,100,42,0.980000
Memory 60,100,42,0.900500
Memory 70,100,42,0.871000
Memory 80,100,42,0.943500
Memory 90,100,42,0.877500
Memory 100,100,42,0.910000
Memory 110,100,42,0.927000
Memory 120,100,42,0.898000
Memory 130,100,42,0.891000
Memory 140,100,42,0.940000
Memory 150,100,42,0.914000
Memory 160,100,42,0.902500
Memory 170,100,42,0.779000
Memory 180,100,42,0.824500
Memory 190,100,42,0.840500
Memory 200,100,42,0.699000
Memory 10,100,48,1.000000
Memory 20,100,48,1.000000
Memory 30,100,48,0.967000
Memory 40,100,48,0.975000
Memory 50,100,48,0.980000
Memory 60,100,48,0.925500
Memory 70,100,48,0.892000
Memory 80,100,48,0.943500
Memory 90,100,48,0.894500
Memory 100,100,48,0.920000
Memory 110,100,48,0.927000
Memory 120,100,48,0.902000
Memory 130,100,48,0.884500
Memory 140,100,48,0.936000
Memory 150,100,48,0.907500
Memory 160,100,48,0.893500
Memory 170,100,48,0.799500
Memory 180,100,48,0.824500
Memory 190,100,48,0.830000
Memory 200,100,48,0.812500
Memory 10,100,54,1.000000
Memory 20,100,54,1.000000
Memory 30,100,54,0.967000
Memory 40,100,54,0.975000
Memory 50,100,54,0.980000
Memory 60,100,54,0.941000
Memory 70,100,54,0.899000
Memory 80,100,54,0.943500
Memory 90,100,54,0.894000
Memory 100,100,54,0.915000
Memory 110,100,54,0.931500
Memory 120,100,54,0.914000
Memory 130,100,54,0.883000
Memory 140,100,54,0.933500
Memory 150,100,54,0.906000
Memory 160,100,54,0.912000
Memory 170,100,54,0.766500
Memory 180,100,54,0.813000
Memory 190,100,54,0.839000
Memory 200,100,54,0.827000
Memory 10,100,59,1.000000
Memory 20,100,59,1.000000
Memory 30,100,59,0.967000
Memory 40,100,59,0.975000
Memory 50,100,59,0.980000
Memory 60,100,59,0.892500
Memory 70,100,59,0.878000
Memory 80,100,59,0.937500
Memory 90,100,59,0.888000
Memory 100,100,59,0.915000
Memory 110,100,59,0.936000
Memory 120,100,59,0.901500
Memory 130,100,59,0.887000
Memory 140,100,59,0.937500
Memory 150,100,59,0.910000
Memory 160,100,59,0.910000
Memory 170,100,59,0.774500
Memory 180,100,59,0.834000
Memory 190,100,59,0.833000
Memory 200,100,59,0.781500
Memory 10,100,62,1.000000
Memory 20,100,62,1.000000
Memory 30,100,62,0.967000
Memory 40,100,62,0.975000
Memory 50,100,62,0.980000
Memory 60,100,62,0.950500
Memory 70,100,62,0.871000
Memory 80,100,62,0.943500
Memory 90,100,62,0.900000
Memory 100,100,62,0.910000
Memory 110,100,62,0.927000
Memory 120,100,62,0.898000
Memory 130,100,62,0.894500
Memory 140,100,62,0.940000
Memory 150,100,62,0.904000
Memory 160,100,62,0.921500
Memory 170,100,62,0.829500
Memory 180,100,62,0.828500
Memory 190,100,62,0.836500
Memory 200,100,62,0.688500
Memory 10,200,7,1.000000
Memory 20,200,7,1.000000
Memory 30,200,7,0.967000
Memory 40,200,7,1.000000
Memory 50,200,7,0.980000
Memory 60,200,7,0.991500
Memory 70,200,7,0.971500
Memory 80,200,7,0.950000
Memory 90,200,7,0.950000
Memory 100,200,7,0.925000
Memory 110,200,7,0.936000
Memory 120,200,7,0.919500
Memory 130,200,7,0.897000
Memory 140,200,7,0.931000
Memory 150,200,7,0.895500
Memory 160,200,7,0.916500
Memory 170,200,7,0.789500
Memory 180,200,7,0.844500
Memory 190,200,7,0.861500
Memory 200,200,7,0.830500
Memory 10,200,12,1.000000
Memory 20,200,12,1.000000
Memory 30,200,12,0.967000
Memory 40,200,12,0.975000
Memory 50,200,12,0.980000
Memory 60,200,12,0.983500
Memory 70,200,12,0.956500
Memory 80,200,12,0.950000
Memory 90,200,12,0.934000
Memory 100,200,12,0.910000
Memory 110,200,12,0.922500
Memory 120,200,12,0.911000
Memory 130,200,12,0.897000
Memory 140,200,12,0.931000
Memory 150,200,12,0.902000
Memory 160,200,12,0.911000
Memory 170,200,12,0.777000
Memory 180,200,12,0.815000
Memory 190,200,12,0.852000
Memory 200,200,12,0.776000
Memory 10,200,24,1.000000
Memory 20,200,24,1.000000
Memory 30,200,24,0.967000
Memory 40,200,24,1.000000
Memory 50,200,24,0.980000
Memory 60,200,24,1.000000
Memory 70,200,24,0.986000
Memory 80,200,24,0.956000
Memory 90,200,24,0.956000
Memory 100,200,24,0.905000
Memory 110,200,24,0.931500
Memory 120,200,24,0.908000
Memory 130,200,24,0.901000
Memory 140,200,24,0.937000
Memory 150,200,24,0.905000
Memory 160,200,24,0.903500
Memory 170,200,24,0.777000
Memory 180,200,24,0.817500
Memory 190,200,24,0.849000
Memory 200,200,24,0.707000
Memory 10,200,31,1.000000
Memory 20,200,31,1.000000
Memory 30,200,31,0.967000
Memory 40,200,31,1.000000
Memory 50,200,31,0.980000
Memory 60,200,31,0.991500
Memory 70,200,31,0.971500
Memory 80,200,31,0.962500
Memory 90,200,31,0.939500
Memory 100,200,31,0.905000
Memory 110,200,31,0.922500
Memory 120,200,31,0.914500
Memory 130,200,31,0.890500
Memory 140,200,31,0.926500
Memory 150,200,31,0.906000
Memory 160,200,31,0.900000
Memory 170,200,31,0.790500
Memory 180,200,31,0.821500
Memory 190,200,31,0.854500
Memory 200,200,31,0.819500
Memory 10,200,36,1.000000
Memory 20,200,36,1.000000
Memory 30,200,36,0.967000
Memory 40,200,36,1.000000
Memory 50,200,36,0.980000
Memory 60,200,36,1.000000
Memory 70,200,36,0.971500
Memory 80,200,36,0.956500
Memory 90,200,36,0.950500
Memory 100,200,36,0.905000
Memory 110,200,36,0.931500
Memory 120,200,36,0.911500
Memory 130,200,36,0.895000
Memory 140,200,36,0.932500
Memory 150,200,36,0.907000
Memory 160,200,36,0.697500
Memory 170,200,36,0.779000
Memory 180,200,36,0.821500
Memory 190,200,36,0.851500
Memory 200,200,36,0.812000
Memory 10,200,42,1.000000
Memory 20,200,42,1.000000
Memory 30,200,42,0.967000
Memory 40,200,42,0.987500
Memory 50,200,42,0.980000
Memory 60,200,42,1.000000
Memory 70,200,42,0.964500
Memory 80,200,42,0.943500
Memory 90,200,42,0.945000
Memory 100,200,42,0.900000
Memory 110,200,42,0.922500
Memory 120,200,42,0.914000
Memory 130,200,42,0.880000
Memory 140,200,42,0.933500
Memory 150,200,42,0.902000
Memory 160,200,42,0.908000
Memory 170,200,42,0.782500
Memory 180,200,42,0.826500
Memory 190,200,42,0.838000
Memory 200,200,42,0.785500
Memory 10,200,48,1.000000
Memory 20,200,48,1.000000
Memory 30,200,48,0.967000
Memory 40,200,48,1.000000
Memory 50,200,48,0.980000
Memory 60,200,48,1.000000
Memory 70,200,48,0.971500
Memory 80,200,48,0.962500
Memory 90,200,48,0.945000
Memory 100,200,48,0.905000
Memory 110,200,48,0.922500
Memory 120,200,48,0.915000
Memory 130,200,48,0.901500
Memory 140,200,48,0.934500
Memory 150,200,48,0.905000
Memory 160,200,48,0.917000
Memory 170,200,48,0.785500
Memory 180,200,48,0.814500
Memory 190,200,48,0.847500
Memory 200,200,48,0.812000
Memory 10,200,54,1.000000
Memory 20,200,54,1.000000
Memory 30,200,54,0.967000
Memory 40,200,54,0.987500
Memory 50,200,54,0.980000
Memory 60,200,54,0.991500
Memory 70,200,54,0.964500
Memory 80,200,54,0.962500
Memory 90,200,54,0.950500
Memory 100,200,54,0.910000
Memory 110,200,54,0.927000
Memory 120,200,54,0.926000
Memory 130,200,54,0.902500
Memory 140,200,54,0.933500
Memory 150,200,54,0.900500
Memory 160,200,54,0.903000
Memory 170,200,54,0.779500
Memory 180,200,54,0.802000
Memory 190,200,54,0.838000
Memory 200,200,54,0.662500
Memory 10,200,59,1.000000
Memory 20,200,59,1.000000
Memory 30,200,59,0.967000
Memory 40,200,59,1.000000
Memory 50,200,59,0.980000
Memory 60,200,59,1.000000
Memory 70,200,59,0.993000
Memory 80,200,59,0.956500
Memory 90,200,59,0.950500
Memory 100,200,59,0.900000
Memory 110,200,59,0.922500
Memory 120,200,59,0.919000
Memory 130,200,59,0.886500
Memory 140,200,59,0.928500
Memory 150,200,59,0.893000
Memory 160,200,59,0.919000
Memory 170,200,59,0.794500
Memory 180,200,59,0.817000
Memory 190,200,59,0.832500
Memory 200,200,59,0.806000
Memory 10,200,62,1.000000
Memory 20,200,62,1.000000
Memory 30,200,62,0.967000
Memory 40,200,62,1.000000
Memory 50,200,62,0.980000
Memory 60,200,62,1.000000
Memory 70,200,62,0.978500
Memory 80,200,62,0.968500
Memory 90,200,62,0.950500
Memory 100,200,62,0.915000
Memory 110,200,62,0.931500
Memory 120,200,62,0.907000
Memory 130,200,62,0.893000
Memory 140,200,62,0.934000
Memory 150,200,62,0.907500
Memory 160,200,62,0.913000
Memory 170,200,62,0.846500
Memory 180,200,62,0.819000
Memory 190,200,62,0.834000
Memory 200,200,62,0.690000
Memory 10,300,7,1.000000
Memory 20,300,7,1.000000
Memory 30,300,7,0.967000
Memory 40,300,7,1.000000
Memory 50,300,7,0.980000
Memory 60,300,7,1.000000
Memory 70,300,7,1.000000
Memory 80,300,7,0.968500
Memory 90,300,7,0.961500
Memory 100,300,7,0.925000
Memory 110,300,7,0.936000
Memory 120,300,7,0.924500
Memory 130,300,7,0.891500
Memory 140,300,7,0.927000
Memory 150,300,7,0.893500
Memory 160,300,7,0.913500
Memory 170,300,7,0.797000
Memory 180,300,7,0.825500
Memory 190,300,7,0.848000
Memory 200,300,7,0.686000
Memory 10,300,12,1.000000
Memory 20,300,12,1.000000
Memory 30,300,12,0.967000
Memory 40,300,12,0.987500
Memory 50,300,12,0.980000
Memory 60,300,12,1.000000
Memory 70,300,12,0.979000
Memory 80,300,12,0.975000
Memory 90,300,12,0.961500
Memory 100,300,12,0.910000
Memory 110,300,12,0.931500
Memory 120,300,12,0.913500
Memory 130,300,12,0.895000
Memory 140,300,12,0.926500
Memory 150,300,12,0.890500
Memory 160,300,12,0.905000
Memory 170,300,12,0.780500
Memory 180,300,12,0.817500
Memory 190,300,12,0.845000
Memory 200,300,12,0.810000
Memory 10,300,24,1.000000
Memory 20,300,24,1.000000
Memory 30,300,24,0.967000
Memory 40,300,24,1.000000
Memory 50,300,24,0.980000
Memory 60,300,24,1.000000
Memory 70,300,24,1.000000
Memory 80,300,24,0.968500
Memory 90,300,24,0.956000
Memory 100,300,24,0.935000
Memory 110,300,24,0.945000
Memory 120,300,24,0.927000
Memory 130,300,24,0.883500
Memory 140,300,24,0.930000
Memory 150,300,24,0.894000
Memory 160,300,24,0.900000
Memory 170,300,24,0.785500
Memory 180,300,24,0.824500
Memory 190,300,24,0.842500
Memory 200,300,24,0.803500
Memory 10,300,31,1.000000
Memory 20,300,31,1.000000
Memory 30,300,31,0.967000
Memory 40,300,31,1.000000
Memory 50,300,31,0.980000
Memory 60,300,31,1.000000
Memory 70,300,31,1.000000
Memory 80,300,31,0.968500
Memory 90,300,31,0.967000
Memory 100,300,31,0.920000
Memory 110,300,31,0.936000
Memory 120,300,31,0.919000
Memory 130,300,31,0.889000
Memory 140,300,31,0.932000
Memory 150,300,31,0.904500
Memory 160,300,31,0.901500
Memory 170,300,31,0.791500
Memory 180,300,31,0.839500
Memory 190,300,31,0.839500
Memory 200,300,31,0.709500
Memory 10,300,36,1.000000
Memory 20,300,36,1.000000
Memory 30,300,36,0.967000
Memory 40,300,36,1.000000
Memory 50,300,36,0.980000
Memory 60,300,36,1.000000
Memory 70,300,36,0.985500
Memory 80,300,36,0.968500
Memory 90,300,36,0.956000
Memory 100,300,36,0.905000
Memory 110,300,36,0.936000
Memory 120,300,36,0.915000
Memory 130,300,36,0.893500
Memory 140,300,36,0.926500
Memory 150,300,36,0.886500
Memory 160,300,36,0.917000
Memory 170,300,36,0.796000
Memory 180,300,36,0.815500
Memory 190,300,36,0.830500
Memory 200,300,36,0.663000
Memory 10,300,42,1.000000
Memory 20,300,42,1.000000
Memory 30,300,42,0.967000
Memory 40,300,42,1.000000
Memory 50,300,42,0.980000
Memory 60,300,42,1.000000
Memory 70,300,42,0.985500
Memory 80,300,42,0.962500
Memory 90,300,42,0.961500
Memory 100,300,42,0.905000
Memory 110,300,42,0.931500
Memory 120,300,42,0.906500
Memory 130,300,42,0.892500
Memory 140,300,42,0.928500
Memory 150,300,42,0.897000
Memory 160,300,42,0.902500
Memory 170,300,42,0.845000
Memory 180,300,42,0.827000
Memory 190,300,42,0.857000
Memory 200,300,42,0.790500
Memory 10,300,48,1.000000
Memory 20,300,48,1.000000
Memory 30,300,48,0.967000
Memory 40,300,48,1.000000
Memory 50,300,48,0.980000
Memory 60,300,48,1.000000
Memory 70,300,48,1.000000
Memory 80,300,48,0.968500
Memory 90,300,48,0.961500
Memory 100,300,48,0.900000
Memory 110,300,48,0.927000
Memory 120,300,48,0.921500
Memory 130,300,48,0.887500
Memory 140,300,48,0.926000
Memory 150,300,48,0.896500
Memory 160,300,48,0.900500
Memory 170,300,48,0.795000
Memory 180,300,48,0.827500
Memory 190,300,48,0.843500
Memory 200,300,48,0.680000
Memory 10,300,54,1.000000
Memory 20,300,54,1.000000
Memory 30,300,54,0.967000
Memory 40,300,54,1.000000
Memory 50,300,54,0.980000
Memory 60,300,54,1.000000
Memory 70,300,54,1.000000
Memory 80,300,54,0.968500
Memory 90,300,54,0.961500
Memory 100,300,54,0.920000
Memory 110,300,54,0.936000
Memory 120,300,54,0.926500
Memory 130,300,54,0.895500
Memory 140,300,54,0.921500
Memory 150,300,54,0.893500
Memory 160,300,54,0.912000
Memory 170,300,54,0.839000
Memory 180,300,54,0.820000
Memory 190,300,54,0.846000
Memory 200,300,54,0.698500
Memory 10,300,59,1.000000
Memory 20,300,59,1.000000
Memory 30,300,59,0.967000
Memory 40,300,59,1.000000
Memory 50,300,59,0.980000
Memory 60,300,59,1.000000
Memory 70,300,59,1.000000
Memory 80,300,59,0.962500
Memory 90,300,59,0.967000
Memory 100,300,59,0.895000
Memory 110,300,59,0.940500
Memory 120,300,59,0.935000
Memory 130,300,59,0.894500
Memory 140,300,59,0.927500
Memory 150,300,59,0.900000
Memory 160,300,59,0.917000
Memory 170,300,59,0.781000
Memory 180,300,59,0.822500
Memory 190,300,59,0.838500
Memory 200,300,59,0.812500
Memory 10,300,62,1.000000
Memory 20,300,62,1.000000
Memory 30,300,62,0.967000
Memory 40,300,62,1.000000
Memory 50,300,62,0.980000
Memory 60,300,62,1.000000
Memory 70,300,62,1.000000
Memory 80,300,62,0.975000
Memory 90,300,62,0.961500
Memory 100,300,62,0.905000
Memory 110,300,62,0.927000
Memory 120,300,62,0.915000
Memory 130,300,62,0.902500
Memory 140,300,62,0.924000
Memory 150,300,62,0.900500
Memory 160,300,62,0.907500
Memory 170,300,62,0.801500
Memory 180,300,62,0.806500
Memory 190,300,62,0.836500
Memory 200,300,62,0.663500
Memory 10,400,7,1.000000
Memory 20,400,7,1.000000
Memory 30,400,7,0.967000
Memory 40,400,7,1.000000
Memory 50,400,7,0.980000
Memory 60,400,7,1.000000
Memory 70,400,7,1.000000
Memory 80,400,7,0.975000
Memory 90,400,7,0.983500
Memory 100,400,7,0.900000
Memory 110,400,7,0.945000
Memory 120,400,7,0.935500
Memory 130,400,7,0.881000
Memory 140,400,7,0.920500
Memory 150,400,7,0.878000
Memory 160,400,7,0.899500
Memory 170,400,7,0.793500
Memory 180,400,7,0.815000
Memory 190,400,7,0.825000
Memory 200,400,7,0.635500
Memory 10,400,12,1.000000
Memory 20,400,12,1.000000
Memory 30,400,12,0.967000
Memory 40,400,12,1.000000
Memory 50,400,12,0.980000
Memory 60,400,12,1.000000
Memory 70,400,12,1.000000
Memory 80,400,12,0.975000
Memory 90,400,12,0.989000
Memory 100,400,12,0.905000
Memory 110,400,12,0.949500
Memory 120,400,12,0.930000
Memory 130,400,12,0.883000
Memory 140,400,12,0.924000
Memory 150,400,12,0.880500
Memory 160,400,12,0.890500
Memory 170,400,12,0.805000
Memory 180,400,12,0.832000
Memory 190,400,12,0.815500
Memory 200,400,12,0.793000
Memory 10,400,24,1.000000
Memory 20,400,24,1.000000
Memory 30,400,24,0.967000
Memory 40,400,24,1.000000
Memory 50,400,24,0.980000
Memory 60,400,24,1.000000
Memory 70,400,24,1.000000
Memory 80,400,24,0.975000
Memory 90,400,24,0.978000
Memory 100,400,24,0.905000
Memory 110,400,24,0.949500
Memory 120,400,24,0.928000
Memory 130,400,24,0.897500
Memory 140,400,24,0.918500
Memory 150,400,24,0.892000
Memory 160,400,24,0.895500
Memory 170,400,24,0.793500
Memory 180,400,24,0.799500
Memory 190,400,24,0.818500
Memory 200,400,24,0.798000
Memory 10,400,31,1.000000
Memory 20,400,31,1.000000
Memory 30,400,31,0.967000
Memory 40,400,31,1.000000
Memory 50,400,31,0.980000
Memory 60,400,31,1.000000
Memory 70,400,31,1.000000
Memory 80,400,31,0.975000
Memory 90,400,31,0.978000
Memory 100,400,31,0.905000
Memory 110,400,31,0.949500
Memory 120,400,31,0.927000
Memory 130,400,31,0.900500
Memory 140,400,31,0.930000
Memory 150,400,31,0.878500
Memory 160,400,31,0.893000
Memory 170,400,31,0.787500
Memory 180,400,31,0.823000
Memory 190,400,31,0.826500
Memory 200,400,31,0.667000
Memory 10,400,36,1.000000
Memory 20,400,36,1.000000
Memory 30,400,36,0.967000
Memory 40,400,36,1.000000
Memory 50,400,36,0.980000
Memory 60,400,36,1.000000
Memory 70,400,36,1.000000
Memory 80,400,36,0.975000
Memory 90,400,36,0.983500
Memory 100,400,36,0.910000
Memory 110,400,36,0.954000
Memory 120,400,36,0.932000
Memory 130,400,36,0.892500
Memory 140,400,36,0.919500
Memory 150,400,36,0.892500
Memory 160,400,36,0.661500
Memory 170,400,36,0.812500
Memory 180,400,36,0.820500
Memory 190,400,36,0.835500
Memory 200,400,36,0.677500
Memory 10,400,42,1.000000
Memory 20,400,42,1.000000
Memory 30,400,42,0.967000
Memory 40,400,42,1.000000
Memory 50,400,42,0.980000
Memory 60,400,42,1.000000
Memory 70,400,42,1.000000
Memory 80,400,42,0.975000
Memory 90,400,42,0.989000
Memory 100,400,42,0.905000
Memory 110,400,42,0.945000
Memory 120,400,42,0.924500
Memory 130,400,42,0.892000
Memory 140,400,42,0.924000
Memory 150,400,42,0.893500
Memory 160,400,42,0.901000
Memory 170,400,42,0.801500
Memory 180,400,42,0.833500
Memory 190,400,42,0.821000
Memory 200,400,42,0.689000
Memory 10,400,48,1.000000
Memory 20,400,48,1.000000
Memory 30,400,48,0.967000
Memory 40,400,48,1.000000
Memory 50,400,48,0.980000
Memory 60,400,48,1.000000
Memory 70,400,48,1.000000
Memory 80,400,48,0.975000
Memory 90,400,48,0.972500
Memory 100,400,48,0.915000
Memory 110,400,48,0.940500
Memory 120,400,48,0.912000
Memory 130,400,48,0.880000
Memory 140,400,48,0.919000
Memory 150,400,48,0.883000
Memory 160,400,48,0.900500
Memory 170,400,48,0.792500
Memory 180,400,48,0.816000
Memory 190,400,48,0.821500
Memory 200,400,48,0.791500
Memory 10,400,54,1.000000
Memory 20,400,54,1.000000
Memory 30,400,54,0.967000
Memory 40,400,54,1.000000
Memory 50,400,54,0.980000
Memory 60,400,54,1.000000
Memory 70,400,54,1.000000
Memory 80,400,54,0.975000
Memory 90,400,54,0.978000
Memory 100,400,54,0.915000
Memory 110,400,54,0.945000
Memory 120,400,54,0.921000
Memory 130,400,54,0.896500
Memory 140,400,54,0.921500
Memory 150,400,54,0.880000
Memory 160,400,54,0.899500
Memory 170,400,54,0.793500
Memory 180,400,54,0.818000
Memory 190,400,54,0.844500
Memory 200,400,54,0.674000
Memory 10,400,59,1.000000
Memory 20,400,59,1.000000
Memory 30,400,59,0.967000
Memory 40,400,59,1.000000
Memory 50,400,59,0.980000
Memory 60,400,59,1.000000
Memory 70,400,59,1.000000
Memory 80,400,59,0.975000
Memory 90,400,59,0.983500
Memory 100,400,59,0.905000
Memory 110,400,59,0.945000
Memory 120,400,59,0.931500
Memory 130,400,59,0.895000
Memory 140,400,59,0.918500
Memory 150,400,59,0.889000
Memory 160,400,59,0.900500
Memory 170,400,59,0.851500
Memory 180,400,59,0.832000
Memory 190,400,59,0.845000
Memory 200,400,59,0.701500
Memory 10,400,62,1.000000
Memory 20,400,62,1.000000
Memory 30,400,62,0.967000
Memory 40,400,62,1.000000
Memory 50,400,62,0.980000
Memory 60,400,62,1.000000
Memory 70,400,62,1.000000
Memory 80,400,62,0.968500
Memory 90,400,62,0.972500
Memory 100,400,62,0.910000
Memory 110,400,62,0.940500
Memory 120,400,62,0.920500
Memory 130,400,62,0.890000
Memory 140,400,62,0.929500
Memory 150,400,62,0.874000
Memory 160,400,62,0.905500
Memory 170,400,62,0.853000
Memory 180,400,62,0.752000
Memory 190,400,62,0.843000
Memory 200,400,62,0.795500
Memory 10,500,7,1.000000
Memory 20,500,7,1.000000
Memory 30,500,7,0.967000
Memory 40,500,7,1.000000
Memory 50,500,7,0.980000
Memory 60,500,7,1.000000
Memory 70,500,7,1.000000
Memory 80,500,7,0.975000
Memory 90,500,7,0.989000
Memory 100,500,7,0.910000
Memory 110,500,7,0.954000
Memory 120,500,7,0.928000
Memory 130,500,7,0.900000
Memory 140,500,7,0.922500
Memory 150,500,7,0.879500
Memory 160,500,7,0.883000
Memory 170,500,7,0.758000
Memory 180,500,7,0.816500
Memory 190,500,7,0.820000
Memory 200,500,7,0.693500
Memory 10,500,12,1.000000
Memory 20,500,12,1.000000
Memory 30,500,12,0.967000
Memory 40,500,12,1.000000
Memory 50,500,12,0.980000
Memory 60,500,12,1.000000
Memory 70,500,12,1.000000
Memory 80,500,12,0.975000
Memory 90,500,12,0.983500
Memory 100,500,12,0.900000
Memory 110,500,12,0.936000
Memory 120,500,12,0.924000
Memory 130,500,12,0.900000
Memory 140,500,12,0.913000
Memory 150,500,12,0.878000
Memory 160,500,12,0.889000
Memory 170,500,12,0.777000
Memory 180,500,12,0.806000
Memory 190,500,12,0.832500
Memory 200,500,12,0.791000
Memory 10,500,24,1.000000
Memory 20,500,24,1.000000
Memory 30,500,24,0.967000
Memory 40,500,24,1.000000
Memory 50,500,24,0.980000
Memory 60,500,24,1.000000
Memory 70,500,24,1.000000
Memory 80,500,24,0.981500
Memory 90,500,24,0.989000
Memory 100,500,24,0.905000
Memory 110,500,24,0.959000
Memory 120,500,24,0.921000
Memory 130,500,24,0.886500
Memory 140,500,24,0.909000
Memory 150,500,24,0.881000
Memory 160,500,24,0.893500
Memory 170,500,24,0.771500
Memory 180,500,24,0.806500
Memory 190,500,24,0.841000
Memory 200,500,24,0.686000
Memory 10,500,31,1.000000
Memory 20,500,31,1.000000
Memory 30,500,31,0.967000
Memory 40,500,31,1.000000
Memory 50,500,31,0.980000
Memory 60,500,31,1.000000
Memory 70,500,31,1.000000
Memory 80,500,31,0.975000
Memory 90,500,31,0.983500
Memory 100,500,31,0.890000
Memory 110,500,31,0.954000
Memory 120,500,31,0.923000
Memory 130,500,31,0.878000
Memory 140,500,31,0.913500
Memory 150,500,31,0.881500
Memory 160,500,31,0.889500
Memory 170,500,31,0.793000
Memory 180,500,31,0.831000
Memory 190,500,31,0.845000
Memory 200,500,31,0.687000
Memory 10,500,36,1.000000
Memory 20,500,36,1.000000
Memory 30,500,36,0.967000
Memory 40,500,36,1.000000
Memory 50,500,36,0.980000
Memory 60,500,36,1.000000
Memory 70,500,36,1.000000
Memory 80,500,36,0.975000
Memory 90,500,36,0.983500
Memory 100,500,36,0.905000
Memory 110,500,36,0.940500
Memory 120,500,36,0.924500
Memory 130,500,36,0.881500
Memory 140,500,36,0.920500
Memory 150,500,36,0.886500
Memory 160,500,36,0.885500
Memory 170,500,36,0.784000
Memory 180,500,36,0.826000
Memory 190,500,36,0.838500
Memory 200,500,36,0.751000
Memory 10,500,42,1.000000
Memory 20,500,42,1.000000
Memory 30,500,42,0.967000
Memory 40,500,42,1.000000
Memory 50,500,42,0.980000
Memory 60,500,42,1.000000
Memory 70,500,42,1.000000
Memory 80,500,42,0.975000
Memory 90,500,42,0.989000
Memory 100,500,42,0.910000
Memory 110,500,42,0.949500
Memory 120,500,42,0.923000
Memory 130,500,42,0.893000
Memory 140,500,42,0.918000
Memory 150,500,42,0.880000
Memory 160,500,42,0.664500
Memory 170,500,42,0.763000
Memory 180,500,42,0.806500
Memory 190,500,42,0.828500
Memory 200,500,42,0.822000
Memory 10,500,48,1.000000
Memory 20,500,48,1.000000
Memory 30,500,48,0.967000
Memory 40,500,48,1.000000
Memory 50,500,48,0.980000
Memory 60,500,48,1.000000
Memory 70,500,48,1.000000
Memory 80,500,48,0.975000
Memory 90,500,48,0.994500
Memory 100,500,48,0.885000
Memory 110,500,48,0.945000
Memory 120,500,48,0.933500
Memory 130,500,48,0.894000
Memory 140,500,48,0.914500
Memory 150,500,48,0.875000
Memory 160,500,48,0.893500
Memory 170,500,48,0.823500
Memory 180,500,48,0.811000
Memory 190,500,48,0.842500
Memory 200,500,48,0.774000
Memory 10,500,54,1.000000
Memory 20,500,54,1.000000
Memory 30,500,54,0.967000
Memory 40,500,54,1.000000
Memory 50,500,54,0.980000
Memory 60,500,54,1.000000
Memory 70,500,54,1.000000
Memory 80,500,54,0.975000
Memory 90,500,54,0.983500
Memory 100,500,54,0.890000
Memory 110,500,54,0.949500
Memory 120,500,54,0.925000
Memory 130,500,54,0.886000
Memory 140,500,54,0.927500
Memory 150,500,54,0.882000
Memory 160,500,54,0.882000
Memory 170,500,54,0.841500
Memory 180,500,54,0.799000
Memory 190,500,54,0.809500
Memory 200,500,54,0.775500
Memory 10,500,59,1.000000
Memory 20,500,59,1.000000
Memory 30,500,59,0.967000
Memory 40,500,59,1.000000
Memory 50,500,59,0.980000
Memory 60,500,59,1.000000
Memory 70,500,59,1.000000
Memory 80,500,59,0.975000
Memory 90,500,59,0.989000
Memory 100,500,59,0.915000
Memory 110,500,59,0.949500
Memory 120,500,59,0.935500
Memory 130,500,59,0.881000
Memory 140,500,59,0.914000
Memory 150,500,59,0.875000
Memory 160,500,59,0.886500
Memory 170,500,59,0.793500
Memory 180,500,59,0.822500
Memory 190,500,59,0.838000
Memory 200,500,59,0.694000
Memory 10,500,62,1.000000
Memory 20,500,62,1.000000
Memory 30,500,62,0.967000
Memory 40,500,62,1.000000
Memory 50,500,62,0.980000
Memory 60,500,62,1.000000
Memory 70,500,62,1.000000
Memory 80,500,62,0.975000
Memory 90,500,62,0.983500
Memory 100,500,62,0.910000
Memory 110,500,62,0.949500
Memory 120,500,62,0.932500
Memory 130,500,62,0.893500
Memory 140,500,62,0.916000
Memory 150,500,62,0.881500
Memory 160,500,62,0.884000
Memory 170,500,62,0.780500
Memory 180,500,62,0.824000
Memory 190,500,62,0.799500
Memory 200,500,62,0.695500
