Memory 10,100,7,1.000000
Memory 20,100,7,1.000000
Memory 30,100,7,0.980500
Memory 40,100,7,0.920500
Memory 50,100,7,0.889000
Memory 60,100,7,0.889000
Memory 70,100,7,0.827500
Memory 80,100,7,0.778500
Memory 90,100,7,0.796000
Memory 100,100,7,0.746000
Memory 110,100,7,0.759000
Memory 120,100,7,0.721500
Memory 130,100,7,0.745500
Memory 140,100,7,0.704000
Memory 150,100,7,0.727500
Memory 160,100,7,0.708000
Memory 170,100,7,0.769000
Memory 180,100,7,0.767000
Memory 190,100,7,0.647000
Memory 200,100,7,0.672500
Memory 10,100,12,1.000000
Memory 20,100,12,1.000000
Memory 30,100,12,0.967000
Memory 40,100,12,0.930500
Memory 50,100,12,0.868000
Memory 60,100,12,0.876000
Memory 70,100,12,0.837500
Memory 80,100,12,0.786000
Memory 90,100,12,0.795500
Memory 100,100,12,0.757500
Memory 110,100,12,0.775000
Memory 120,100,12,0.744500
Memory 130,100,12,0.743500
Memory 140,100,12,0.700500
Memory 150,100,12,0.726500
Memory 160,100,12,0.708500
Memory 170,100,12,0.765500
Memory 180,100,12,0.757500
Memory 190,100,12,0.657500
Memory 200,100,12,0.686000
Memory 10,100,24,1.000000
Memory 20,100,24,1.000000
Memory 30,100,24,0.966500
Memory 40,100,24,0.920500
Memory 50,100,24,0.876500
Memory 60,100,24,0.878500
Memory 70,100,24,0.840500
Memory 80,100,24,0.793500
Memory 90,100,24,0.792500
Memory 100,100,24,0.751500
Memory 110,100,24,0.769500
Memory 120,100,24,0.721000
Memory 130,100,24,0.736500
Memory 140,100,24,0.711500
Memory 150,100,24,0.732000
Memory 160,100,24,0.705500
Memory 170,100,24,0.752000
Memory 180,100,24,0.769500
Memory 190,100,24,0.667500
Memory 200,100,24,0.690000
Memory 10,100,31,1.000000
Memory 20,100,31,1.000000
Memory 30,100,31,0.973500
Memory 40,100,31,0.920500
Memory 50,100,31,0.877000
Memory 60,100,31,0.845500
Memory 70,100,31,0.825500
Memory 80,100,31,0.766000
Memory 90,100,31,0.794500
Memory 100,100,31,0.752000
Memory 110,100,31,0.751500
Memory 120,100,31,0.734500
Memory 130,100,31,0.750000
Memory 140,100,31,0.692500
Memory 150,100,31,0.749500
Memory 160,100,31,0.692000
Memory 170,100,31,0.752000
Memory 180,100,31,0.774000
Memory 190,100,31,0.661500
Memory 200,100,31,0.687000
Memory 10,100,36,1.000000
Memory 20,100,36,1.000000
Memory 30,100,36,0.967000
Memory 40,100,36,0.915500
Memory 50,100,36,0.896500
Memory 60,100,36,0.873000
Memory 70,100,36,0.844000
Memory 80,100,36,0.784000
Memory 90,100,36,0.793500
Memory 100,100,36,0.752500
Memory 110,100,36,0.774500
Memory 120,100,36,0.728500
Memory 130,100,36,0.737500
Memory 140,100,36,0.705500
Memory 150,100,36,0.739000
Memory 160,100,36,0.713500
Memory 170,100,36,0.769000
Memory 180,100,36,0.762500
Memory 190,100,36,0.660000
Memory 200,100,36,0.685000
Memory 10,100,42,1.000000
Memory 20,100,42,1.000000
Memory 30,100,42,0.967000
Memory 40,100,42,0.915500
Memory 50,100,42,0.880000
Memory 60,100,42,0.865500
Memory 70,100,42,0.822500
Memory 80,100,42,0.763500
Memory 90,100,42,0.803000
Memory 100,100,42,0.758500
Memory 110,100,42,0.774000
Memory 120,100,42,0.733000
Memory 130,100,42,0.749500
Memory 140,100,42,0.696000
Memory 150,100,42,0.741000
Memory 160,100,42,0.725000
Memory 170,100,42,0.758500
Memory 180,100,42,0.770000
Memory 190,100,42,0.652500
Memory 200,100,42,0.696500
Memory 10,100,48,1.000000
Memory 20,100,48,1.000000
Memory 30,100,48,0.987000
Memory 40,100,48,0.920500
Memory 50,100,48,0.896000
Memory 60,100,48,0.876500
Memory 70,100,48,0.845500
Memory 80,100,48,0.773000
Memory 90,100,48,0.779500
Memory 100,100,48,0.751500
Memory 110,100,48,0.790500
Memory 120,100,48,0.731500
Memory 130,100,48,0.747500
Memory 140,100,48,0.697500
Memory 150,100,48,0.729000
Memory 160,100,48,0.704000
Memory 170,100,48,0.770000
Memory 180,100,48,0.765000
Memory 190,100,48,0.679000
Memory 200,100,48,0.699500
Memory 10,100,54,1.000000
Memory 20,100,54,1.000000
Memory 30,100,54,0.973500
Memory 40,100,54,0.935500
Memory 50,100,54,0.884000
Memory 60,100,54,0.882500
Memory 70,100,54,0.847000
Memory 80,100,54,0.771500
Memory 90,100,54,0.792000
Memory 100,100,54,0.760500
Memory 110,100,54,0.783000
Memory 120,100,54,0.719500
Memory 130,100,54,0.734500
Memory 140,100,54,0.701000
Memory 150,100,54,0.738500
Memory 160,100,54,0.709000
Memory 170,100,54,0.756000
Memory 180,100,54,0.754500
Memory 190,100,54,0.675000
Memory 200,100,54,0.691000
Memory 10,100,59,1.000000
Memory 20,100,59,1.000000
Memory 30,100,59,0.967000
Memory 40,100,59,0.920500
Memory 50,100,59,0.868000
Memory 60,100,59,0.879500
Memory 70,100,59,0.828500
Memory 80,100,59,0.783500
Memory 90,100,59,0.799000
Memory 100,100,59,0.747000
Memory 110,100,59,0.768000
Memory 120,100,59,0.730500
Memory 130,100,59,0.747000
Memory 140,100,59,0.706000
Memory 150,100,59,0.727500
Memory 160,100,59,0.714000
Memory 170,100,59,0.757000
Memory 180,100,59,0.766000
Memory 190,100,59,0.662500
Memory 200,100,59,0.681500
Memory 10,100,62,1.000000
Memory 20,100,62,1.000000
Memory 30,100,62,0.987000
Memory 40,100,62,0.920500
Memory 50,100,62,0.884000
Memory 60,100,62,0.886500
Memory 70,100,62,0.813000
Memory 80,100,62,0.783500
Memory 90,100,62,0.801500
Memory 100,100,62,0.738000
Memory 110,100,62,0.784000
Memory 120,100,62,0.728500
Memory 130,100,62,0.753500
Memory 140,100,62,0.707000
Memory 150,100,62,0.737500
Memory 160,100,62,0.712000
Memory 170,100,62,0.753500
Memory 180,100,62,0.773500
Memory 190,100,62,0.659000
Memory 200,100,62,0.680000
Memory 10,200,7,1.000000
Memory 20,200,7,1.000000
Memory 30,200,7,1.000000
Memory 40,200,7,1.000000
Memory 50,200,7,0.984000
Memory 60,200,7,0.966000
Memory 70,200,7,0.920500
Memory 80,200,7,0.843500
Memory 90,200,7,0.845500
Memory 100,200,7,0.804000
Memory 110,200,7,0.819000
Memory 120,200,7,0.755500
Memory 130,200,7,0.781000
Memory 140,200,7,0.734000
Memory 150,200,7,0.768500
Memory 160,200,7,0.738500
Memory 170,200,7,0.789500
Memory 180,200,7,0.783000
Memory 190,200,7,0.640000
Memory 200,200,7,0.688500
Memory 10,200,12,1.000000
Memory 20,200,12,1.000000
Memory 30,200,12,1.000000
Memory 40,200,12,0.995000
Memory 50,200,12,0.992000
Memory 60,200,12,0.955500
Memory 70,200,12,0.900000
Memory 80,200,12,0.848500
Memory 90,200,12,0.841000
Memory 100,200,12,0.774000
Memory 110,200,12,0.807000
Memory 120,200,12,0.753500
Memory 130,200,12,0.769000
Memory 140,200,12,0.728500
Memory 150,200,12,0.750500
Memory 160,200,12,0.731500
Memory 170,200,12,0.787000
Memory 180,200,12,0.782000
Memory 190,200,12,0.670500
Memory 200,200,12,0.681500
Memory 10,200,24,1.000000
Memory 20,200,24,1.000000
Memory 30,200,24,1.000000
Memory 40,200,24,1.000000
Memory 50,200,24,1.000000
Memory 60,200,24,0.973500
Memory 70,200,24,0.913500
Memory 80,200,24,0.847500
Memory 90,200,24,0.831500
Memory 100,200,24,0.819000
Memory 110,200,24,0.816000
Memory 120,200,24,0.753500
Memory 130,200,24,0.783000
Memory 140,200,24,0.738500
Memory 150,200,24,0.756500
Memory 160,200,24,0.731000
Memory 170,200,24,0.793000
Memory 180,200,24,0.780500
Memory 190,200,24,0.657500
Memory 200,200,24,0.707500
Memory 10,200,31,1.000000
Memory 20,200,31,1.000000
Memory 30,200,31,1.000000
Memory 40,200,31,1.000000
Memory 50,200,31,0.996000
Memory 60,200,31,0.962500
Memory 70,200,31,0.919000
Memory 80,200,31,0.866000
Memory 90,200,31,0.842500
Memory 100,200,31,0.772000
Memory 110,200,31,0.822500
Memory 120,200,31,0.731500
Memory 130,200,31,0.782000
Memory 140,200,31,0.732000
Memory 150,200,31,0.752500
Memory 160,200,31,0.730000
Memory 170,200,31,0.780000
Memory 180,200,31,0.770500
Memory 190,200,31,0.646500
Memory 200,200,31,0.674000
Memory 10,200,36,1.000000
Memory 20,200,36,1.000000
Memory 30,200,36,1.000000
Memory 40,200,36,1.000000
Memory 50,200,36,0.984000
Memory 60,200,36,0.965500
Memory 70,200,36,0.910000
Memory 80,200,36,0.848000
Memory 90,200,36,0.840000
Memory 100,200,36,0.787500
Memory 110,200,36,0.815000
Memory 120,200,36,0.753500
Memory 130,200,36,0.774000
Memory 140,200,36,0.738000
Memory 150,200,36,0.757000
Memory 160,200,36,0.727000
Memory 170,200,36,0.792500
Memory 180,200,36,0.777000
Memory 190,200,36,0.641000
Memory 200,200,36,0.674500
Memory 10,200,42,1.000000
Memory 20,200,42,1.000000
Memory 30,200,42,1.000000
Memory 40,200,42,1.000000
Memory 50,200,42,0.996000
Memory 60,200,42,0.952500
Memory 70,200,42,0.908000
Memory 80,200,42,0.863000
Memory 90,200,42,0.851000
Memory 100,200,42,0.803000
Memory 110,200,42,0.806500
Memory 120,200,42,0.756000
Memory 130,200,42,0.781500
Memory 140,200,42,0.738500
Memory 150,200,42,0.772500
Memory 160,200,42,0.730000
Memory 170,200,42,0.788000
Memory 180,200,42,0.772000
Memory 190,200,42,0.661000
Memory 200,200,42,0.675000
Memory 10,200,48,1.000000
Memory 20,200,48,1.000000
Memory 30,200,48,1.000000
Memory 40,200,48,1.000000
Memory 50,200,48,0.988000
Memory 60,200,48,0.953000
Memory 70,200,48,0.922000
Memory 80,200,48,0.858000
Memory 90,200,48,0.836500
Memory 100,200,48,0.794500
Memory 110,200,48,0.821000
Memory 120,200,48,0.751500
Memory 130,200,48,0.776500
Memory 140,200,48,0.743500
Memory 150,200,48,0.749000
Memory 160,200,48,0.739000
Memory 170,200,48,0.779000
Memory 180,200,48,0.789500
Memory 190,200,48,0.639000
Memory 200,200,48,0.682000
Memory 10,200,54,1.000000
Memory 20,200,54,1.000000
Memory 30,200,54,1.000000
Memory 40,200,54,1.000000
Memory 50,200,54,0.976000
Memory 60,200,54,0.962500
Memory 70,200,54,0.917000
Memory 80,200,54,0.848000
Memory 90,200,54,0.852000
Memory 100,200,54,0.786000
Memory 110,200,54,0.815000
Memory 120,200,54,0.747000
Memory 130,200,54,0.787500
Memory 140,200,54,0.749000
Memory 150,200,54,0.753500
Memory 160,200,54,0.732500
Memory 170,200,54,0.785000
Memory 180,200,54,0.779000
Memory 190,200,54,0.652000
Memory 200,200,54,0.680000
Memory 10,200,59,1.000000
Memory 20,200,59,1.000000
Memory 30,200,59,1.000000
Memory 40,200,59,1.000000
Memory 50,200,59,0.972000
Memory 60,200,59,0.966500
Memory 70,200,59,0.912500
Memory 80,200,59,0.845500
Memory 90,200,59,0.857000
Memory 100,200,59,0.816000
Memory 110,200,59,0.827500
Memory 120,200,59,0.746500
Memory 130,200,59,0.781000
Memory 140,200,59,0.743500
Memory 150,200,59,0.766500
Memory 160,200,59,0.733500
Memory 170,200,59,0.792000
Memory 180,200,59,0.773500
Memory 190,200,59,0.649500
Memory 200,200,59,0.696500
Memory 10,200,62,1.000000
Memory 20,200,62,1.000000
Memory 30,200,62,1.000000
Memory 40,200,62,0.995000
Memory 50,200,62,0.996000
Memory 60,200,62,0.969000
Memory 70,200,62,0.911500
Memory 80,200,62,0.846000
Memory 90,200,62,0.833000
Memory 100,200,62,0.811500
Memory 110,200,62,0.819500
Memory 120,200,62,0.782000
Memory 130,200,62,0.784000
Memory 140,200,62,0.728500
Memory 150,200,62,0.752500
Memory 160,200,62,0.715500
Memory 170,200,62,0.793500
Memory 180,200,62,0.801000
Memory 190,200,62,0.655500
Memory 200,200,62,0.682000
Memory 10,300,7,1.000000
Memory 20,300,7,1.000000
Memory 30,300,7,1.000000
Memory 40,300,7,1.000000
Memory 50,300,7,1.000000
Memory 60,300,7,0.989500
Memory 70,300,7,0.957000
Memory 80,300,7,0.922500
Memory 90,300,7,0.878500
Memory 100,300,7,0.824500
Memory 110,300,7,0.844000
Memory 120,300,7,0.768500
Memory 130,300,7,0.813500
Memory 140,300,7,0.767500
Memory 150,300,7,0.784000
Memory 160,300,7,0.745000
Memory 170,300,7,0.801500
Memory 180,300,7,0.788000
Memory 190,300,7,0.628500
Memory 200,300,7,0.679000
Memory 10,300,12,1.000000
Memory 20,300,12,1.000000
Memory 30,300,12,1.000000
Memory 40,300,12,1.000000
Memory 50,300,12,1.000000
Memory 60,300,12,0.989500
Memory 70,300,12,0.962500
Memory 80,300,12,0.895000
Memory 90,300,12,0.874500
Memory 100,300,12,0.819000
Memory 110,300,12,0.843500
Memory 120,300,12,0.761500
Memory 130,300,12,0.805000
Memory 140,300,12,0.765000
Memory 150,300,12,0.777500
Memory 160,300,12,0.738500
Memory 170,300,12,0.802000
Memory 180,300,12,0.784000
Memory 190,300,12,0.629500
Memory 200,300,12,0.681000
Memory 10,300,24,1.000000
Memory 20,300,24,1.000000
Memory 30,300,24,1.000000
Memory 40,300,24,1.000000
Memory 50,300,24,1.000000
Memory 60,300,24,0.993000
Memory 70,300,24,0.961500
Memory 80,300,24,0.885000
Memory 90,300,24,0.889500
Memory 100,300,24,0.819500
Memory 110,300,24,0.842000
Memory 120,300,24,0.769500
Memory 130,300,24,0.808500
Memory 140,300,24,0.765000
Memory 150,300,24,0.773000
Memory 160,300,24,0.734000
Memory 170,300,24,0.817500
Memory 180,300,24,0.802000
Memory 190,300,24,0.634500
Memory 200,300,24,0.683500
Memory 10,300,31,1.000000
Memory 20,300,31,1.000000
Memory 30,300,31,1.000000
Memory 40,300,31,1.000000
Memory 50,300,31,1.000000
Memory 60,300,31,1.000000
Memory 70,300,31,0.962500
Memory 80,300,31,0.890000
Memory 90,300,31,0.867500
Memory 100,300,31,0.834500
Memory 110,300,31,0.849000
Memory 120,300,31,0.773000
Memory 130,300,31,0.813500
Memory 140,300,31,0.770500
Memory 150,300,31,0.769500
Memory 160,300,31,0.738000
Memory 170,300,31,0.816000
Memory 180,300,31,0.808500
Memory 190,300,31,0.661500
Memory 200,300,31,0.674500
Memory 10,300,36,1.000000
Memory 20,300,36,1.000000
Memory 30,300,36,1.000000
Memory 40,300,36,1.000000
Memory 50,300,36,1.000000
Memory 60,300,36,0.986000
Memory 70,300,36,0.956500
Memory 80,300,36,0.880000
Memory 90,300,36,0.880000
Memory 100,300,36,0.831500
Memory 110,300,36,0.834500
Memory 120,300,36,0.766500
Memory 130,300,36,0.813000
Memory 140,300,36,0.761500
Memory 150,300,36,0.774000
Memory 160,300,36,0.735500
Memory 170,300,36,0.806500
Memory 180,300,36,0.783000
Memory 190,300,36,0.636000
Memory 200,300,36,0.672500
Memory 10,300,42,1.000000
Memory 20,300,42,1.000000
Memory 30,300,42,1.000000
Memory 40,300,42,1.000000
Memory 50,300,42,1.000000
Memory 60,300,42,0.989500
Memory 70,300,42,0.953500
Memory 80,300,42,0.885000
Memory 90,300,42,0.888000
Memory 100,300,42,0.822500
Memory 110,300,42,0.837000
Memory 120,300,42,0.767000
Memory 130,300,42,0.803000
Memory 140,300,42,0.747500
Memory 150,300,42,0.770500
Memory 160,300,42,0.743000
Memory 170,300,42,0.802000
Memory 180,300,42,0.798000
Memory 190,300,42,0.664500
Memory 200,300,42,0.677500
Memory 10,300,48,1.000000
Memory 20,300,48,1.000000
Memory 30,300,48,1.000000
Memory 40,300,48,1.000000
Memory 50,300,48,1.000000
Memory 60,300,48,1.000000
Memory 70,300,48,0.954000
Memory 80,300,48,0.890000
Memory 90,300,48,0.872000
Memory 100,300,48,0.825500
Memory 110,300,48,0.852000
Memory 120,300,48,0.771500
Memory 130,300,48,0.811500
Memory 140,300,48,0.768500
Memory 150,300,48,0.757500
Memory 160,300,48,0.748000
Memory 170,300,48,0.805500
Memory 180,300,48,0.794500
Memory 190,300,48,0.637000
Memory 200,300,48,0.678500
Memory 10,300,54,1.000000
Memory 20,300,54,1.000000
Memory 30,300,54,1.000000
Memory 40,300,54,1.000000
Memory 50,300,54,1.000000
Memory 60,300,54,1.000000
Memory 70,300,54,0.966000
Memory 80,300,54,0.895500
Memory 90,300,54,0.885000
Memory 100,300,54,0.828500
Memory 110,300,54,0.839500
Memory 120,300,54,0.781500
Memory 130,300,54,0.813000
Memory 140,300,54,0.779000
Memory 150,300,54,0.773500
Memory 160,300,54,0.727500
Memory 170,300,54,0.815500
Memory 180,300,54,0.785500
Memory 190,300,54,0.617500
Memory 200,300,54,0.684000
Memory 10,300,59,1.000000
Memory 20,300,59,1.000000
Memory 30,300,59,1.000000
Memory 40,300,59,1.000000
Memory 50,300,59,1.000000
Memory 60,300,59,0.996500
Memory 70,300,59,0.955000
Memory 80,300,59,0.880500
Memory 90,300,59,0.863500
Memory 100,300,59,0.820500
Memory 110,300,59,0.846500
Memory 120,300,59,0.791000
Memory 130,300,59,0.809000
Memory 140,300,59,0.773000
Memory 150,300,59,0.779000
Memory 160,300,59,0.753500
Memory 170,300,59,0.817500
Memory 180,300,59,0.792000
Memory 190,300,59,0.630500
Memory 200,300,59,0.683000
Memory 10,300,62,1.000000
Memory 20,300,62,1.000000
Memory 30,300,62,1.000000
Memory 40,300,62,1.000000
Memory 50,300,62,1.000000
Memory 60,300,62,1.000000
Memory 70,300,62,0.940000
Memory 80,300,62,0.890000
Memory 90,300,62,0.879500
Memory 100,300,62,0.821500
Memory 110,300,62,0.834000
Memory 120,300,62,0.758500
Memory 130,300,62,0.820500
Memory 140,300,62,0.768500
Memory 150,300,62,0.771500
Memory 160,300,62,0.740000
Memory 170,300,62,0.808500
Memory 180,300,62,0.783500
Memory 190,300,62,0.646000
Memory 200,300,62,0.668500
Memory 10,400,7,1.000000
Memory 20,400,7,1.000000
Memory 30,400,7,1.000000
Memory 40,400,7,1.000000
Memory 50,400,7,1.000000
Memory 60,400,7,1.000000
Memory 70,400,7,0.974000
Memory 80,400,7,0.922500
Memory 90,400,7,0.914500
Memory 100,400,7,0.850500
Memory 110,400,7,0.851000
Memory 120,400,7,0.767000
Memory 130,400,7,0.813500
Memory 140,400,7,0.779500
Memory 150,400,7,0.797500
Memory 160,400,7,0.749000
Memory 170,400,7,0.820000
Memory 180,400,7,0.795500
Memory 190,400,7,0.624500
Memory 200,400,7,0.682000
Memory 10,400,12,1.000000
Memory 20,400,12,1.000000
Memory 30,400,12,1.000000
Memory 40,400,12,1.000000
Memory 50,400,12,1.000000
Memory 60,400,12,1.000000
Memory 70,400,12,0.982500
Memory 80,400,12,0.940000
Memory 90,400,12,0.933000
Memory 100,400,12,0.859000
Memory 110,400,12,0.865000
Memory 120,400,12,0.791000
Memory 130,400,12,0.823500
Memory 140,400,12,0.803500
Memory 150,400,12,0.798500
Memory 160,400,12,0.750500
Memory 170,400,12,0.814500
Memory 180,400,12,0.803000
Memory 190,400,12,0.618500
Memory 200,400,12,0.681500
Memory 10,400,24,1.000000
Memory 20,400,24,1.000000
Memory 30,400,24,1.000000
Memory 40,400,24,1.000000
Memory 50,400,24,1.000000
Memory 60,400,24,1.000000
Memory 70,400,24,0.974000
Memory 80,400,24,0.923000
Memory 90,400,24,0.908500
Memory 100,400,24,0.864000
Memory 110,400,24,0.852000
Memory 120,400,24,0.778000
Memory 130,400,24,0.844500
Memory 140,400,24,0.812500
Memory 150,400,24,0.799000
Memory 160,400,24,0.739000
Memory 170,400,24,0.827500
Memory 180,400,24,0.788500
Memory 190,400,24,0.612000
Memory 200,400,24,0.653500
Memory 10,400,31,1.000000
Memory 20,400,31,1.000000
Memory 30,400,31,1.000000
Memory 40,400,31,1.000000
Memory 50,400,31,1.000000
Memory 60,400,31,1.000000
Memory 70,400,31,0.979500
Memory 80,400,31,0.932500
Memory 90,400,31,0.918000
Memory 100,400,31,0.846500
Memory 110,400,31,0.855500
Memory 120,400,31,0.777500
Memory 130,400,31,0.829000
Memory 140,400,31,0.799500
Memory 150,400,31,0.779500
Memory 160,400,31,0.733000
Memory 170,400,31,0.813500
Memory 180,400,31,0.803000
Memory 190,400,31,0.629500
Memory 200,400,31,0.671500
Memory 10,400,36,1.000000
Memory 20,400,36,1.000000
Memory 30,400,36,1.000000
Memory 40,400,36,1.000000
Memory 50,400,36,1.000000
Memory 60,400,36,1.000000
Memory 70,400,36,0.988500
Memory 80,400,36,0.945000
Memory 90,400,36,0.926000
Memory 100,400,36,0.837500
Memory 110,400,36,0.868000
Memory 120,400,36,0.791500
Memory 130,400,36,0.822000
Memory 140,400,36,0.798000
Memory 150,400,36,0.788500
Memory 160,400,36,0.735000
Memory 170,400,36,0.814500
Memory 180,400,36,0.808500
Memory 190,400,36,0.608500
Memory 200,400,36,0.673500
Memory 10,400,42,1.000000
Memory 20,400,42,1.000000
Memory 30,400,42,1.000000
Memory 40,400,42,1.000000
Memory 50,400,42,1.000000
Memory 60,400,42,1.000000
Memory 70,400,42,0.979500
Memory 80,400,42,0.922500
Memory 90,400,42,0.913000
Memory 100,400,42,0.837000
Memory 110,400,42,0.869000
Memory 120,400,42,0.768000
Memory 130,400,42,0.837500
Memory 140,400,42,0.790000
Memory 150,400,42,0.798500
Memory 160,400,42,0.748500
Memory 170,400,42,0.823000
Memory 180,400,42,0.793500
Memory 190,400,42,0.637500
Memory 200,400,42,0.685500
Memory 10,400,48,1.000000
Memory 20,400,48,1.000000
Memory 30,400,48,1.000000
Memory 40,400,48,1.000000
Memory 50,400,48,1.000000
Memory 60,400,48,1.000000
Memory 70,400,48,0.977000
Memory 80,400,48,0.915000
Memory 90,400,48,0.915500
Memory 100,400,48,0.843500
Memory 110,400,48,0.855000
Memory 120,400,48,0.767500
Memory 130,400,48,0.828000
Memory 140,400,48,0.815000
Memory 150,400,48,0.796000
Memory 160,400,48,0.742500
Memory 170,400,48,0.815500
Memory 180,400,48,0.796000
Memory 190,400,48,0.626000
Memory 200,400,48,0.679000
Memory 10,400,54,1.000000
Memory 20,400,54,1.000000
Memory 30,400,54,1.000000
Memory 40,400,54,1.000000
Memory 50,400,54,1.000000
Memory 60,400,54,1.000000
Memory 70,400,54,0.979500
Memory 80,400,54,0.922500
Memory 90,400,54,0.930500
Memory 100,400,54,0.841000
Memory 110,400,54,0.868000
Memory 120,400,54,0.783000
Memory 130,400,54,0.824500
Memory 140,400,54,0.798500
Memory 150,400,54,0.805500
Memory 160,400,54,0.757500
Memory 170,400,54,0.813500
Memory 180,400,54,0.793500
Memory 190,400,54,0.613000
Memory 200,400,54,0.673000
Memory 10,400,59,1.000000
Memory 20,400,59,1.000000
Memory 30,400,59,1.000000
Memory 40,400,59,1.000000
Memory 50,400,59,1.000000
Memory 60,400,59,1.000000
Memory 70,400,59,0.980500
Memory 80,400,59,0.935000
Memory 90,400,59,0.915500
Memory 100,400,59,0.836500
Memory 110,400,59,0.865000
Memory 120,400,59,0.790500
Memory 130,400,59,0.831500
Memory 140,400,59,0.799000
Memory 150,400,59,0.797000
Memory 160,400,59,0.749500
Memory 170,400,59,0.823000
Memory 180,400,59,0.800500
Memory 190,400,59,0.598500
Memory 200,400,59,0.663500
Memory 10,400,62,1.000000
Memory 20,400,62,1.000000
Memory 30,400,62,1.000000
Memory 40,400,62,1.000000
Memory 50,400,62,1.000000
Memory 60,400,62,1.000000
Memory 70,400,62,0.974500
Memory 80,400,62,0.930000
Memory 90,400,62,0.930000
Memory 100,400,62,0.842500
Memory 110,400,62,0.869000
Memory 120,400,62,0.784000
Memory 130,400,62,0.839500
Memory 140,400,62,0.807000
Memory 150,400,62,0.797500
Memory 160,400,62,0.757000
Memory 170,400,62,0.820000
Memory 180,400,62,0.801500
Memory 190,400,62,0.644500
Memory 200,400,62,0.674000
Memory 10,500,7,1.000000
Memory 20,500,7,1.000000
Memory 30,500,7,1.000000
Memory 40,500,7,1.000000
Memory 50,500,7,1.000000
Memory 60,500,7,1.000000
Memory 70,500,7,0.994000
Memory 80,500,7,0.942500
Memory 90,500,7,0.956500
Memory 100,500,7,0.815500
Memory 110,500,7,0.874000
Memory 120,500,7,0.794000
Memory 130,500,7,0.831500
Memory 140,500,7,0.831000
Memory 150,500,7,0.817000
Memory 160,500,7,0.752500
Memory 170,500,7,0.832000
Memory 180,500,7,0.802500
Memory 190,500,7,0.595000
Memory 200,500,7,0.655500
Memory 10,500,12,1.000000
Memory 20,500,12,1.000000
Memory 30,500,12,1.000000
Memory 40,500,12,1.000000
Memory 50,500,12,1.000000
Memory 60,500,12,1.000000
Memory 70,500,12,1.000000
Memory 80,500,12,0.952500
Memory 90,500,12,0.945000
Memory 100,500,12,0.858000
Memory 110,500,12,0.880500
Memory 120,500,12,0.792500
Memory 130,500,12,0.855000
Memory 140,500,12,0.838500
Memory 150,500,12,0.815000
Memory 160,500,12,0.748500
Memory 170,500,12,0.830500
Memory 180,500,12,0.790000
Memory 190,500,12,0.629500
Memory 200,500,12,0.660500
Memory 10,500,24,1.000000
Memory 20,500,24,1.000000
Memory 30,500,24,1.000000
Memory 40,500,24,1.000000
Memory 50,500,24,1.000000
Memory 60,500,24,1.000000
Memory 70,500,24,0.997000
Memory 80,500,24,0.955000
Memory 90,500,24,0.951500
Memory 100,500,24,0.843500
Memory 110,500,24,0.873000
Memory 120,500,24,0.807000
Memory 130,500,24,0.866000
Memory 140,500,24,0.817000
Memory 150,500,24,0.806000
Memory 160,500,24,0.752000
Memory 170,500,24,0.827500
Memory 180,500,24,0.804500
Memory 190,500,24,0.586500
Memory 200,500,24,0.663500
Memory 10,500,31,1.000000
Memory 20,500,31,1.000000
Memory 30,500,31,1.000000
Memory 40,500,31,1.000000
Memory 50,500,31,1.000000
Memory 60,500,31,1.000000
Memory 70,500,31,0.991500
Memory 80,500,31,0.942500
Memory 90,500,31,0.944500
Memory 100,500,31,0.847500
Memory 110,500,31,0.902000
Memory 120,500,31,0.818500
Memory 130,500,31,0.850500
Memory 140,500,31,0.786500
Memory 150,500,31,0.809500
Memory 160,500,31,0.755500
Memory 170,500,31,0.827000
Memory 180,500,31,0.813500
Memory 190,500,31,0.635500
Memory 200,500,31,0.667000
Memory 10,500,36,1.000000
Memory 20,500,36,1.000000
Memory 30,500,36,1.000000
Memory 40,500,36,1.000000
Memory 50,500,36,1.000000
Memory 60,500,36,1.000000
Memory 70,500,36,0.994000
Memory 80,500,36,0.950000
Memory 90,500,36,0.941500
Memory 100,500,36,0.856000
Memory 110,500,36,0.871000
Memory 120,500,36,0.812500
Memory 130,500,36,0.842000
Memory 140,500,36,0.812000
Memory 150,500,36,0.799000
Memory 160,500,36,0.740500
Memory 170,500,36,0.833500
Memory 180,500,36,0.796000
Memory 190,500,36,0.594000
Memory 200,500,36,0.679000
Memory 10,500,42,1.000000
Memory 20,500,42,1.000000
Memory 30,500,42,1.000000
Memory 40,500,42,1.000000
Memory 50,500,42,1.000000
Memory 60,500,42,1.000000
Memory 70,500,42,0.997000
Memory 80,500,42,0.950000
Memory 90,500,42,0.946000
Memory 100,500,42,0.856000
Memory 110,500,42,0.878500
Memory 120,500,42,0.778000
Memory 130,500,42,0.852500
Memory 140,500,42,0.829000
Memory 150,500,42,0.827500
Memory 160,500,42,0.756500
Memory 170,500,42,0.833500
Memory 180,500,42,0.799000
Memory 190,500,42,0.621000
Memory 200,500,42,0.665500
Memory 10,500,48,1.000000
Memory 20,500,48,1.000000
Memory 30,500,48,1.000000
Memory 40,500,48,1.000000
Memory 50,500,48,1.000000
Memory 60,500,48,1.000000
Memory 70,500,48,0.994000
Memory 80,500,48,0.952500
Memory 90,500,48,0.955000
Memory 100,500,48,0.863000
Memory 110,500,48,0.882500
Memory 120,500,48,0.800500
Memory 130,500,48,0.849500
Memory 140,500,48,0.818000
Memory 150,500,48,0.798500
Memory 160,500,48,0.741500
Memory 170,500,48,0.832000
Memory 180,500,48,0.811500
Memory 190,500,48,0.583500
Memory 200,500,48,0.647500
Memory 10,500,54,1.000000
Memory 20,500,54,1.000000
Memory 30,500,54,1.000000
Memory 40,500,54,1.000000
Memory 50,500,54,1.000000
Memory 60,500,54,1.000000
Memory 70,500,54,0.994000
Memory 80,500,54,0.945000
Memory 90,500,54,0.945000
Memory 100,500,54,0.853500
Memory 110,500,54,0.874000
Memory 120,500,54,0.772500
Memory 130,500,54,0.852500
Memory 140,500,54,0.813500
Memory 150,500,54,0.810500
Memory 160,500,54,0.750500
Memory 170,500,54,0.828500
Memory 180,500,54,0.796000
Memory 190,500,54,0.610500
Memory 200,500,54,0.673000
Memory 10,500,59,1.000000
Memory 20,500,59,1.000000
Memory 30,500,59,1.000000
Memory 40,500,59,1.000000
Memory 50,500,59,1.000000
Memory 60,500,59,1.000000
Memory 70,500,59,0.997000
Memory 80,500,59,0.945000
Memory 90,500,59,0.956500
Memory 100,500,59,0.857500
Memory 110,500,59,0.874000
Memory 120,500,59,0.789500
Memory 130,500,59,0.860500
Memory 140,500,59,0.809000
Memory 150,500,59,0.813500
Memory 160,500,59,0.746000
Memory 170,500,59,0.829500
Memory 180,500,59,0.809500
Memory 190,500,59,0.586000
Memory 200,500,59,0.658000
Memory 10,500,62,1.000000
Memory 20,500,62,1.000000
Memory 30,500,62,1.000000
Memory 40,500,62,1.000000
Memory 50,500,62,1.000000
Memory 60,500,62,1.000000
Memory 70,500,62,0.991000
Memory 80,500,62,0.955000
Memory 90,500,62,0.942000
Memory 100,500,62,0.850000
Memory 110,500,62,0.868000
Memory 120,500,62,0.784000
Memory 130,500,62,0.839500
Memory 140,500,62,0.831000
Memory 150,500,62,0.809000
Memory 160,500,62,0.734500
Memory 170,500,62,0.815500
Memory 180,500,62,0.813000
Memory 190,500,62,0.607500
Memory 200,500,62,0.681500
