Memory 10,100,7,1.000000
Memory 20,100,7,1.000000
Memory 30,100,7,1.000000
Memory 40,100,7,1.000000
Memory 50,100,7,1.000000
Memory 60,100,7,1.000000
Memory 70,100,7,1.000000
Memory 80,100,7,1.000000
Memory 90,100,7,1.000000
Memory 100,100,7,1.000000
Memory 110,100,7,1.000000
Memory 120,100,7,0.974500
Memory 130,100,7,0.977500
Memory 140,100,7,0.978000
Memory 150,100,7,0.952500
Memory 160,100,7,0.932000
Memory 170,100,7,0.923500
Memory 180,100,7,0.844500
Memory 190,100,7,0.867000
Memory 200,100,7,0.855000
Memory 10,100,12,1.000000
Memory 20,100,12,1.000000
Memory 30,100,12,1.000000
Memory 40,100,12,1.000000
Memory 50,100,12,1.000000
Memory 60,100,12,1.000000
Memory 70,100,12,1.000000
Memory 80,100,12,1.000000
Memory 90,100,12,1.000000
Memory 100,100,12,1.000000
Memory 110,100,12,1.000000
Memory 120,100,12,1.000000
Memory 130,100,12,1.000000
Memory 140,100,12,0.972000
Memory 150,100,12,0.972000
Memory 160,100,12,0.956000
Memory 170,100,12,0.929500
Memory 180,100,12,0.877500
Memory 190,100,12,0.883500
Memory 200,100,12,0.870000
Memory 10,100,24,1.000000
Memory 20,100,24,1.000000
Memory 30,100,24,1.000000
Memory 40,100,24,1.000000
Memory 50,100,24,1.000000
Memory 60,100,24,1.000000
Memory 70,100,24,1.000000
Memory 80,100,24,1.000000
Memory 90,100,24,1.000000
Memory 100,100,24,1.000000
Memory 110,100,24,1.000000
Memory 120,100,24,1.000000
Memory 130,100,24,0.992000
Memory 140,100,24,0.979000
Memory 150,100,24,0.947500
Memory 160,100,24,0.974000
Memory 170,100,24,0.917000
Memory 180,100,24,0.887500
Memory 190,100,24,0.882500
Memory 200,100,24,0.870000
Memory 10,100,31,1.000000
Memory 20,100,31,1.000000
Memory 30,100,31,1.000000
Memory 40,100,31,1.000000
Memory 50,100,31,1.000000
Memory 60,100,31,1.000000
Memory 70,100,31,1.000000
Memory 80,100,31,1.000000
Memory 90,100,31,1.000000
Memory 100,100,31,1.000000
Memory 110,100,31,1.000000
Memory 120,100,31,0.991500
Memory 130,100,31,0.992500
Memory 140,100,31,0.993000
Memory 150,100,31,0.966500
Memory 160,100,31,0.943500
Memory 170,100,31,0.917000
Memory 180,100,31,0.889000
Memory 190,100,31,0.862500
Memory 200,100,31,0.860000
Memory 10,100,36,1.000000
Memory 20,100,36,1.000000
Memory 30,100,36,1.000000
Memory 40,100,36,1.000000
Memory 50,100,36,1.000000
Memory 60,100,36,1.000000
Memory 70,100,36,1.000000
Memory 80,100,36,1.000000
Memory 90,100,36,1.000000
Memory 100,100,36,1.000000
Memory 110,100,36,1.000000
Memory 120,100,36,1.000000
Memory 130,100,36,1.000000
Memory 140,100,36,0.978500
Memory 150,100,36,0.953500
Memory 160,100,36,0.957500
Memory 170,100,36,0.859000
Memory 180,100,36,0.869500
Memory 190,100,36,0.876500
Memory 200,100,36,0.860000
Memory 10,100,42,1.000000
Memory 20,100,42,1.000000
Memory 30,100,42,1.000000
Memory 40,100,42,1.000000
Memory 50,100,42,1.000000
Memory 60,100,42,1.000000
Memory 70,100,42,1.000000
Memory 80,100,42,1.000000
Memory 90,100,42,1.000000
Memory 100,100,42,1.000000
Memory 110,100,42,1.000000
Memory 120,100,42,1.000000
Memory 130,100,42,0.976000
Memory 140,100,42,0.957500
Memory 150,100,42,0.952000
Memory 160,100,42,0.943500
Memory 170,100,42,0.934500
Memory 180,100,42,0.867000
Memory 190,100,42,0.900500
Memory 200,100,42,0.860000
Memory 10,100,48,1.000000
Memory 20,100,48,1.000000
Memory 30,100,48,1.000000
Memory 40,100,48,1.000000
Memory 50,100,48,1.000000
Memory 60,100,48,1.000000
Memory 70,100,48,1.000000
Memory 80,100,48,1.000000
Memory 90,100,48,1.000000
Memory 100,100,48,1.000000
Memory 110,100,48,1.000000
Memory 120,100,48,1.000000
Memory 130,100,48,0.992500
Memory 140,100,48,0.985500
Memory 150,100,48,0.973000
Memory 160,100,48,0.974000
Memory 170,100,48,0.958500
Memory 180,100,48,0.900000
Memory 190,100,48,0.805500
Memory 200,100,48,0.850000
Memory 10,100,54,1.000000
Memory 20,100,54,1.000000
Memory 30,100,54,1.000000
Memory 40,100,54,1.000000
Memory 50,100,54,1.000000
Memory 60,100,54,1.000000
Memory 70,100,54,1.000000
Memory 80,100,54,1.000000
Memory 90,100,54,1.000000
Memory 100,100,54,1.000000
Memory 110,100,54,1.000000
Memory 120,100,54,1.000000
Memory 130,100,54,0.968500
Memory 140,100,54,1.000000
Memory 150,100,54,0.933500
Memory 160,100,54,0.962000
Memory 170,100,54,0.906000
Memory 180,100,54,0.836000
Memory 190,100,54,0.909000
Memory 200,100,54,0.850000
Memory 10,100,59,1.000000
Memory 20,100,59,1.000000
Memory 30,100,59,1.000000
Memory 40,100,59,1.000000
Memory 50,100,59,1.000000
Memory 60,100,59,1.000000
Memory 70,100,59,1.000000
Memory 80,100,59,1.000000
Memory 90,100,59,1.000000
Memory 100,100,59,1.000000
Memory 110,100,59,1.000000
Memory 120,100,59,0.991500
Memory 130,100,59,1.000000
Memory 140,100,59,0.956500
Memory 150,100,59,0.967000
Memory 160,100,59,0.956000
Memory 170,100,59,0.882500
Memory 180,100,59,0.872500
Memory 190,100,59,0.830500
Memory 200,100,59,0.845000
Memory 10,100,62,1.000000
Memory 20,100,62,1.000000
Memory 30,100,62,1.000000
Memory 40,100,62,1.000000
Memory 50,100,62,1.000000
Memory 60,100,62,1.000000
Memory 70,100,62,1.000000
Memory 80,100,62,1.000000
Memory 90,100,62,1.000000
Memory 100,100,62,1.000000
Memory 110,100,62,1.000000
Memory 120,100,62,1.000000
Memory 130,100,62,1.000000
Memory 140,100,62,0.985000
Memory 150,100,62,0.980500
Memory 160,100,62,0.944500
Memory 170,100,62,0.947500
Memory 180,100,62,0.938000
Memory 190,100,62,0.883000
Memory 200,100,62,0.840000
Memory 10,200,7,1.000000
Memory 20,200,7,1.000000
Memory 30,200,7,1.000000
Memory 40,200,7,1.000000
Memory 50,200,7,1.000000
Memory 60,200,7,1.000000
Memory 70,200,7,1.000000
Memory 80,200,7,1.000000
Memory 90,200,7,1.000000
Memory 100,200,7,1.000000
Memory 110,200,7,1.000000
Memory 120,200,7,1.000000
Memory 130,200,7,1.000000
Memory 140,200,7,1.000000
Memory 150,200,7,1.000000
Memory 160,200,7,1.000000
Memory 170,200,7,1.000000
Memory 180,200,7,1.000000
Memory 190,200,7,1.000000
Memory 200,200,7,1.000000
Memory 10,200,12,1.000000
Memory 20,200,12,1.000000
Memory 30,200,12,1.000000
Memory 40,200,12,1.000000
Memory 50,200,12,1.000000
Memory 60,200,12,1.000000
Memory 70,200,12,1.000000
Memory 80,200,12,1.000000
Memory 90,200,12,1.000000
Memory 100,200,12,1.000000
Memory 110,200,12,1.000000
Memory 120,200,12,1.000000
Memory 130,200,12,1.000000
Memory 140,200,12,1.000000
Memory 150,200,12,1.000000
Memory 160,200,12,1.000000
Memory 170,200,12,1.000000
Memory 180,200,12,1.000000
Memory 190,200,12,1.000000
Memory 200,200,12,1.000000
Memory 10,200,24,1.000000
Memory 20,200,24,1.000000
Memory 30,200,24,1.000000
Memory 40,200,24,1.000000
Memory 50,200,24,1.000000
Memory 60,200,24,1.000000
Memory 70,200,24,1.000000
Memory 80,200,24,1.000000
Memory 90,200,24,1.000000
Memory 100,200,24,1.000000
Memory 110,200,24,1.000000
Memory 120,200,24,1.000000
Memory 130,200,24,1.000000
Memory 140,200,24,1.000000
Memory 150,200,24,1.000000
Memory 160,200,24,1.000000
Memory 170,200,24,1.000000
Memory 180,200,24,1.000000
Memory 190,200,24,1.000000
Memory 200,200,24,1.000000
Memory 10,200,31,1.000000
Memory 20,200,31,1.000000
Memory 30,200,31,1.000000
Memory 40,200,31,1.000000
Memory 50,200,31,1.000000
Memory 60,200,31,1.000000
Memory 70,200,31,1.000000
Memory 80,200,31,1.000000
Memory 90,200,31,1.000000
Memory 100,200,31,1.000000
Memory 110,200,31,1.000000
Memory 120,200,31,1.000000
Memory 130,200,31,1.000000
Memory 140,200,31,1.000000
Memory 150,200,31,1.000000
Memory 160,200,31,1.000000
Memory 170,200,31,1.000000
Memory 180,200,31,1.000000
Memory 190,200,31,1.000000
Memory 200,200,31,1.000000
Memory 10,200,36,1.000000
Memory 20,200,36,1.000000
Memory 30,200,36,1.000000
Memory 40,200,36,1.000000
Memory 50,200,36,1.000000
Memory 60,200,36,1.000000
Memory 70,200,36,1.000000
Memory 80,200,36,1.000000
Memory 90,200,36,1.000000
Memory 100,200,36,1.000000
Memory 110,200,36,1.000000
Memory 120,200,36,1.000000
Memory 130,200,36,1.000000
Memory 140,200,36,1.000000
Memory 150,200,36,1.000000
Memory 160,200,36,1.000000
Memory 170,200,36,1.000000
Memory 180,200,36,1.000000
Memory 190,200,36,1.000000
Memory 200,200,36,1.000000
Memory 10,200,42,1.000000
Memory 20,200,42,1.000000
Memory 30,200,42,1.000000
Memory 40,200,42,1.000000
Memory 50,200,42,1.000000
Memory 60,200,42,1.000000
Memory 70,200,42,1.000000
Memory 80,200,42,1.000000
Memory 90,200,42,1.000000
Memory 100,200,42,1.000000
Memory 110,200,42,1.000000
Memory 120,200,42,1.000000
Memory 130,200,42,1.000000
Memory 140,200,42,1.000000
Memory 150,200,42,1.000000
Memory 160,200,42,1.000000
Memory 170,200,42,1.000000
Memory 180,200,42,1.000000
Memory 190,200,42,1.000000
Memory 200,200,42,1.000000
Memory 10,200,48,1.000000
Memory 20,200,48,1.000000
Memory 30,200,48,1.000000
Memory 40,200,48,1.000000
Memory 50,200,48,1.000000
Memory 60,200,48,1.000000
Memory 70,200,48,1.000000
Memory 80,200,48,1.000000
Memory 90,200,48,1.000000
Memory 100,200,48,1.000000
Memory 110,200,48,1.000000
Memory 120,200,48,1.000000
Memory 130,200,48,1.000000
Memory 140,200,48,1.000000
Memory 150,200,48,1.000000
Memory 160,200,48,1.000000
Memory 170,200,48,1.000000
Memory 180,200,48,1.000000
Memory 190,200,48,1.000000
Memory 200,200,48,1.000000
Memory 10,200,54,1.000000
Memory 20,200,54,1.000000
Memory 30,200,54,1.000000
Memory 40,200,54,1.000000
Memory 50,200,54,1.000000
Memory 60,200,54,1.000000
Memory 70,200,54,1.000000
Memory 80,200,54,1.000000
Memory 90,200,54,1.000000
Memory 100,200,54,1.000000
Memory 110,200,54,1.000000
Memory 120,200,54,1.000000
Memory 130,200,54,1.000000
Memory 140,200,54,1.000000
Memory 150,200,54,1.000000
Memory 160,200,54,1.000000
Memory 170,200,54,1.000000
Memory 180,200,54,1.000000
Memory 190,200,54,1.000000
Memory 200,200,54,1.000000
Memory 10,200,59,1.000000
Memory 20,200,59,1.000000
Memory 30,200,59,1.000000
Memory 40,200,59,1.000000
Memory 50,200,59,1.000000
Memory 60,200,59,1.000000
Memory 70,200,59,1.000000
Memory 80,200,59,1.000000
Memory 90,200,59,1.000000
Memory 100,200,59,1.000000
Memory 110,200,59,1.000000
Memory 120,200,59,1.000000
Memory 130,200,59,1.000000
Memory 140,200,59,1.000000
Memory 150,200,59,1.000000
Memory 160,200,59,1.000000
Memory 170,200,59,1.000000
Memory 180,200,59,1.000000
Memory 190,200,59,1.000000
Memory 200,200,59,1.000000
Memory 10,200,62,1.000000
Memory 20,200,62,1.000000
Memory 30,200,62,1.000000
Memory 40,200,62,1.000000
Memory 50,200,62,1.000000
Memory 60,200,62,1.000000
Memory 70,200,62,1.000000
Memory 80,200,62,1.000000
Memory 90,200,62,1.000000
Memory 100,200,62,1.000000
Memory 110,200,62,1.000000
Memory 120,200,62,1.000000
Memory 130,200,62,1.000000
Memory 140,200,62,1.000000
Memory 150,200,62,1.000000
Memory 160,200,62,1.000000
Memory 170,200,62,1.000000
Memory 180,200,62,1.000000
Memory 190,200,62,1.000000
Memory 200,200,62,1.000000
Memory 10,300,7,1.000000
Memory 20,300,7,1.000000
Memory 30,300,7,1.000000
Memory 40,300,7,1.000000
Memory 50,300,7,1.000000
Memory 60,300,7,1.000000
Memory 70,300,7,1.000000
Memory 80,300,7,1.000000
Memory 90,300,7,1.000000
Memory 100,300,7,1.000000
Memory 110,300,7,1.000000
Memory 120,300,7,1.000000
Memory 130,300,7,1.000000
Memory 140,300,7,1.000000
Memory 150,300,7,1.000000
Memory 160,300,7,1.000000
Memory 170,300,7,1.000000
Memory 180,300,7,1.000000
Memory 190,300,7,1.000000
Memory 200,300,7,1.000000
Memory 10,300,12,1.000000
Memory 20,300,12,1.000000
Memory 30,300,12,1.000000
Memory 40,300,12,1.000000
Memory 50,300,12,1.000000
Memory 60,300,12,1.000000
Memory 70,300,12,1.000000
Memory 80,300,12,1.000000
Memory 90,300,12,1.000000
Memory 100,300,12,1.000000
Memory 110,300,12,1.000000
Memory 120,300,12,1.000000
Memory 130,300,12,1.000000
Memory 140,300,12,1.000000
Memory 150,300,12,1.000000
Memory 160,300,12,1.000000
Memory 170,300,12,1.000000
Memory 180,300,12,1.000000
Memory 190,300,12,1.000000
Memory 200,300,12,1.000000
Memory 10,300,24,1.000000
Memory 20,300,24,1.000000
Memory 30,300,24,1.000000
Memory 40,300,24,1.000000
Memory 50,300,24,1.000000
Memory 60,300,24,1.000000
Memory 70,300,24,1.000000
Memory 80,300,24,1.000000
Memory 90,300,24,1.000000
Memory 100,300,24,1.000000
Memory 110,300,24,1.000000
Memory 120,300,24,1.000000
Memory 130,300,24,1.000000
Memory 140,300,24,1.000000
Memory 150,300,24,1.000000
Memory 160,300,24,1.000000
Memory 170,300,24,1.000000
Memory 180,300,24,1.000000
Memory 190,300,24,1.000000
Memory 200,300,24,1.000000
Memory 10,300,31,1.000000
Memory 20,300,31,1.000000
Memory 30,300,31,1.000000
Memory 40,300,31,1.000000
Memory 50,300,31,1.000000
Memory 60,300,31,1.000000
Memory 70,300,31,1.000000
Memory 80,300,31,1.000000
Memory 90,300,31,1.000000
Memory 100,300,31,1.000000
Memory 110,300,31,1.000000
Memory 120,300,31,1.000000
Memory 130,300,31,1.000000
Memory 140,300,31,1.000000
Memory 150,300,31,1.000000
Memory 160,300,31,1.000000
Memory 170,300,31,1.000000
Memory 180,300,31,1.000000
Memory 190,300,31,1.000000
Memory 200,300,31,1.000000
Memory 10,300,36,1.000000
Memory 20,300,36,1.000000
Memory 30,300,36,1.000000
Memory 40,300,36,1.000000
Memory 50,300,36,1.000000
Memory 60,300,36,1.000000
Memory 70,300,36,1.000000
Memory 80,300,36,1.000000
Memory 90,300,36,1.000000
Memory 100,300,36,1.000000
Memory 110,300,36,1.000000
Memory 120,300,36,1.000000
Memory 130,300,36,1.000000
Memory 140,300,36,1.000000
Memory 150,300,36,1.000000
Memory 160,300,36,1.000000
Memory 170,300,36,1.000000
Memory 180,300,36,1.000000
Memory 190,300,36,1.000000
Memory 200,300,36,1.000000
Memory 10,300,42,1.000000
Memory 20,300,42,1.000000
Memory 30,300,42,1.000000
Memory 40,300,42,1.000000
Memory 50,300,42,1.000000
Memory 60,300,42,1.000000
Memory 70,300,42,1.000000
Memory 80,300,42,1.000000
Memory 90,300,42,1.000000
Memory 100,300,42,1.000000
Memory 110,300,42,1.000000
Memory 120,300,42,1.000000
Memory 130,300,42,1.000000
Memory 140,300,42,1.000000
Memory 150,300,42,1.000000
Memory 160,300,42,1.000000
Memory 170,300,42,1.000000
Memory 180,300,42,1.000000
Memory 190,300,42,1.000000
Memory 200,300,42,1.000000
Memory 10,300,48,1.000000
Memory 20,300,48,1.000000
Memory 30,300,48,1.000000
Memory 40,300,48,1.000000
Memory 50,300,48,1.000000
Memory 60,300,48,1.000000
Memory 70,300,48,1.000000
Memory 80,300,48,1.000000
Memory 90,300,48,1.000000
Memory 100,300,48,1.000000
Memory 110,300,48,1.000000
Memory 120,300,48,1.000000
Memory 130,300,48,1.000000
Memory 140,300,48,1.000000
Memory 150,300,48,1.000000
Memory 160,300,48,1.000000
Memory 170,300,48,1.000000
Memory 180,300,48,1.000000
Memory 190,300,48,1.000000
Memory 200,300,48,1.000000
Memory 10,300,54,1.000000
Memory 20,300,54,1.000000
Memory 30,300,54,1.000000
Memory 40,300,54,1.000000
Memory 50,300,54,1.000000
Memory 60,300,54,1.000000
Memory 70,300,54,1.000000
Memory 80,300,54,1.000000
Memory 90,300,54,1.000000
Memory 100,300,54,1.000000
Memory 110,300,54,1.000000
Memory 120,300,54,1.000000
Memory 130,300,54,1.000000
Memory 140,300,54,1.000000
Memory 150,300,54,1.000000
Memory 160,300,54,1.000000
Memory 170,300,54,1.000000
Memory 180,300,54,1.000000
Memory 190,300,54,1.000000
Memory 200,300,54,1.000000
Memory 10,300,59,1.000000
Memory 20,300,59,1.000000
Memory 30,300,59,1.000000
Memory 40,300,59,1.000000
Memory 50,300,59,1.000000
Memory 60,300,59,1.000000
Memory 70,300,59,1.000000
Memory 80,300,59,1.000000
Memory 90,300,59,1.000000
Memory 100,300,59,1.000000
Memory 110,300,59,1.000000
Memory 120,300,59,1.000000
Memory 130,300,59,1.000000
Memory 140,300,59,1.000000
Memory 150,300,59,1.000000
Memory 160,300,59,1.000000
Memory 170,300,59,1.000000
Memory 180,300,59,1.000000
Memory 190,300,59,1.000000
Memory 200,300,59,1.000000
Memory 10,300,62,1.000000
Memory 20,300,62,1.000000
Memory 30,300,62,1.000000
Memory 40,300,62,1.000000
Memory 50,300,62,1.000000
Memory 60,300,62,1.000000
Memory 70,300,62,1.000000
Memory 80,300,62,1.000000
Memory 90,300,62,1.000000
Memory 100,300,62,1.000000
Memory 110,300,62,1.000000
Memory 120,300,62,1.000000
Memory 130,300,62,1.000000
Memory 140,300,62,1.000000
Memory 150,300,62,1.000000
Memory 160,300,62,1.000000
Memory 170,300,62,1.000000
Memory 180,300,62,1.000000
Memory 190,300,62,1.000000
Memory 200,300,62,1.000000
Memory 10,400,7,1.000000
Memory 20,400,7,1.000000
Memory 30,400,7,1.000000
Memory 40,400,7,1.000000
Memory 50,400,7,1.000000
Memory 60,400,7,1.000000
Memory 70,400,7,1.000000
Memory 80,400,7,1.000000
Memory 90,400,7,1.000000
Memory 100,400,7,1.000000
Memory 110,400,7,1.000000
Memory 120,400,7,1.000000
Memory 130,400,7,1.000000
Memory 140,400,7,1.000000
Memory 150,400,7,1.000000
Memory 160,400,7,1.000000
Memory 170,400,7,1.000000
Memory 180,400,7,1.000000
Memory 190,400,7,1.000000
Memory 200,400,7,1.000000
Memory 10,400,12,1.000000
Memory 20,400,12,1.000000
Memory 30,400,12,1.000000
Memory 40,400,12,1.000000
Memory 50,400,12,1.000000
Memory 60,400,12,1.000000
Memory 70,400,12,1.000000
Memory 80,400,12,1.000000
Memory 90,400,12,1.000000
Memory 100,400,12,1.000000
Memory 110,400,12,1.000000
Memory 120,400,12,1.000000
Memory 130,400,12,1.000000
Memory 140,400,12,1.000000
Memory 150,400,12,1.000000
Memory 160,400,12,1.000000
Memory 170,400,12,1.000000
Memory 180,400,12,1.000000
Memory 190,400,12,1.000000
Memory 200,400,12,1.000000
Memory 10,400,24,1.000000
Memory 20,400,24,1.000000
Memory 30,400,24,1.000000
Memory 40,400,24,1.000000
Memory 50,400,24,1.000000
Memory 60,400,24,1.000000
Memory 70,400,24,1.000000
Memory 80,400,24,1.000000
Memory 90,400,24,1.000000
Memory 100,400,24,1.000000
Memory 110,400,24,1.000000
Memory 120,400,24,1.000000
Memory 130,400,24,1.000000
Memory 140,400,24,1.000000
Memory 150,400,24,1.000000
Memory 160,400,24,1.000000
Memory 170,400,24,1.000000
Memory 180,400,24,1.000000
Memory 190,400,24,1.000000
Memory 200,400,24,1.000000
Memory 10,400,31,1.000000
Memory 20,400,31,1.000000
Memory 30,400,31,1.000000
Memory 40,400,31,1.000000
Memory 50,400,31,1.000000
Memory 60,400,31,1.000000
Memory 70,400,31,1.000000
Memory 80,400,31,1.000000
Memory 90,400,31,1.000000
Memory 100,400,31,1.000000
Memory 110,400,31,1.000000
Memory 120,400,31,1.000000
Memory 130,400,31,1.000000
Memory 140,400,31,1.000000
Memory 150,400,31,1.000000
Memory 160,400,31,1.000000
Memory 170,400,31,1.000000
Memory 180,400,31,1.000000
Memory 190,400,31,1.000000
Memory 200,400,31,1.000000
Memory 10,400,36,1.000000
Memory 20,400,36,1.000000
Memory 30,400,36,1.000000
Memory 40,400,36,1.000000
Memory 50,400,36,1.000000
Memory 60,400,36,1.000000
Memory 70,400,36,1.000000
Memory 80,400,36,1.000000
Memory 90,400,36,1.000000
Memory 100,400,36,1.000000
Memory 110,400,36,1.000000
Memory 120,400,36,1.000000
Memory 130,400,36,1.000000
Memory 140,400,36,1.000000
Memory 150,400,36,1.000000
Memory 160,400,36,1.000000
Memory 170,400,36,1.000000
Memory 180,400,36,1.000000
Memory 190,400,36,1.000000
Memory 200,400,36,1.000000
Memory 10,400,42,1.000000
Memory 20,400,42,1.000000
Memory 30,400,42,1.000000
Memory 40,400,42,1.000000
Memory 50,400,42,1.000000
Memory 60,400,42,1.000000
Memory 70,400,42,1.000000
Memory 80,400,42,1.000000
Memory 90,400,42,1.000000
Memory 100,400,42,1.000000
Memory 110,400,42,1.000000
Memory 120,400,42,1.000000
Memory 130,400,42,1.000000
Memory 140,400,42,1.000000
Memory 150,400,42,1.000000
Memory 160,400,42,1.000000
Memory 170,400,42,1.000000
Memory 180,400,42,1.000000
Memory 190,400,42,1.000000
Memory 200,400,42,1.000000
Memory 10,400,48,1.000000
Memory 20,400,48,1.000000
Memory 30,400,48,1.000000
Memory 40,400,48,1.000000
Memory 50,400,48,1.000000
Memory 60,400,48,1.000000
Memory 70,400,48,1.000000
Memory 80,400,48,1.000000
Memory 90,400,48,1.000000
Memory 100,400,48,1.000000
Memory 110,400,48,1.000000
Memory 120,400,48,1.000000
Memory 130,400,48,1.000000
Memory 140,400,48,1.000000
Memory 150,400,48,1.000000
Memory 160,400,48,1.000000
Memory 170,400,48,1.000000
Memory 180,400,48,1.000000
Memory 190,400,48,1.000000
Memory 200,400,48,1.000000
Memory 10,400,54,1.000000
Memory 20,400,54,1.000000
Memory 30,400,54,1.000000
Memory 40,400,54,1.000000
Memory 50,400,54,1.000000
Memory 60,400,54,1.000000
Memory 70,400,54,1.000000
Memory 80,400,54,1.000000
Memory 90,400,54,1.000000
Memory 100,400,54,1.000000
Memory 110,400,54,1.000000
Memory 120,400,54,1.000000
Memory 130,400,54,1.000000
Memory 140,400,54,1.000000
Memory 150,400,54,1.000000
Memory 160,400,54,1.000000
Memory 170,400,54,1.000000
Memory 180,400,54,1.000000
Memory 190,400,54,1.000000
Memory 200,400,54,1.000000
Memory 10,400,59,1.000000
Memory 20,400,59,1.000000
Memory 30,400,59,1.000000
Memory 40,400,59,1.000000
Memory 50,400,59,1.000000
Memory 60,400,59,1.000000
Memory 70,400,59,1.000000
Memory 80,400,59,1.000000
Memory 90,400,59,1.000000
Memory 100,400,59,1.000000
Memory 110,400,59,1.000000
Memory 120,400,59,1.000000
Memory 130,400,59,1.000000
Memory 140,400,59,1.000000
Memory 150,400,59,1.000000
Memory 160,400,59,1.000000
Memory 170,400,59,1.000000
Memory 180,400,59,1.000000
Memory 190,400,59,1.000000
Memory 200,400,59,1.000000
Memory 10,400,62,1.000000
Memory 20,400,62,1.000000
Memory 30,400,62,1.000000
Memory 40,400,62,1.000000
Memory 50,400,62,1.000000
Memory 60,400,62,1.000000
Memory 70,400,62,1.000000
Memory 80,400,62,1.000000
Memory 90,400,62,1.000000
Memory 100,400,62,1.000000
Memory 110,400,62,1.000000
Memory 120,400,62,1.000000
Memory 130,400,62,1.000000
Memory 140,400,62,1.000000
Memory 150,400,62,1.000000
Memory 160,400,62,1.000000
Memory 170,400,62,1.000000
Memory 180,400,62,1.000000
Memory 190,400,62,1.000000
Memory 200,400,62,1.000000
Memory 10,500,7,1.000000
Memory 20,500,7,1.000000
Memory 30,500,7,1.000000
Memory 40,500,7,1.000000
Memory 50,500,7,1.000000
Memory 60,500,7,1.000000
Memory 70,500,7,1.000000
Memory 80,500,7,1.000000
Memory 90,500,7,1.000000
Memory 100,500,7,1.000000
Memory 110,500,7,1.000000
Memory 120,500,7,1.000000
Memory 130,500,7,1.000000
Memory 140,500,7,1.000000
Memory 150,500,7,1.000000
Memory 160,500,7,1.000000
Memory 170,500,7,1.000000
Memory 180,500,7,1.000000
Memory 190,500,7,1.000000
Memory 200,500,7,1.000000
Memory 10,500,12,1.000000
Memory 20,500,12,1.000000
Memory 30,500,12,1.000000
Memory 40,500,12,1.000000
Memory 50,500,12,1.000000
Memory 60,500,12,1.000000
Memory 70,500,12,1.000000
Memory 80,500,12,1.000000
Memory 90,500,12,1.000000
Memory 100,500,12,1.000000
Memory 110,500,12,1.000000
Memory 120,500,12,1.000000
Memory 130,500,12,1.000000
Memory 140,500,12,1.000000
Memory 150,500,12,1.000000
Memory 160,500,12,1.000000
Memory 170,500,12,1.000000
Memory 180,500,12,1.000000
Memory 190,500,12,1.000000
Memory 200,500,12,1.000000
Memory 10,500,24,1.000000
Memory 20,500,24,1.000000
Memory 30,500,24,1.000000
Memory 40,500,24,1.000000
Memory 50,500,24,1.000000
Memory 60,500,24,1.000000
Memory 70,500,24,1.000000
Memory 80,500,24,1.000000
Memory 90,500,24,1.000000
Memory 100,500,24,1.000000
Memory 110,500,24,1.000000
Memory 120,500,24,1.000000
Memory 130,500,24,1.000000
Memory 140,500,24,1.000000
Memory 150,500,24,1.000000
Memory 160,500,24,1.000000
Memory 170,500,24,1.000000
Memory 180,500,24,1.000000
Memory 190,500,24,1.000000
Memory 200,500,24,1.000000
Memory 10,500,31,1.000000
Memory 20,500,31,1.000000
Memory 30,500,31,1.000000
Memory 40,500,31,1.000000
Memory 50,500,31,1.000000
Memory 60,500,31,1.000000
Memory 70,500,31,1.000000
Memory 80,500,31,1.000000
Memory 90,500,31,1.000000
Memory 100,500,31,1.000000
Memory 110,500,31,1.000000
Memory 120,500,31,1.000000
Memory 130,500,31,1.000000
Memory 140,500,31,1.000000
Memory 150,500,31,1.000000
Memory 160,500,31,1.000000
Memory 170,500,31,1.000000
Memory 180,500,31,1.000000
Memory 190,500,31,1.000000
Memory 200,500,31,1.000000
Memory 10,500,36,1.000000
Memory 20,500,36,1.000000
Memory 30,500,36,1.000000
Memory 40,500,36,1.000000
Memory 50,500,36,1.000000
Memory 60,500,36,1.000000
Memory 70,500,36,1.000000
Memory 80,500,36,1.000000
Memory 90,500,36,1.000000
Memory 100,500,36,1.000000
Memory 110,500,36,1.000000
Memory 120,500,36,1.000000
Memory 130,500,36,1.000000
Memory 140,500,36,1.000000
Memory 150,500,36,1.000000
Memory 160,500,36,1.000000
Memory 170,500,36,1.000000
Memory 180,500,36,1.000000
Memory 190,500,36,1.000000
Memory 200,500,36,1.000000
Memory 10,500,42,1.000000
Memory 20,500,42,1.000000
Memory 30,500,42,1.000000
Memory 40,500,42,1.000000
Memory 50,500,42,1.000000
Memory 60,500,42,1.000000
Memory 70,500,42,1.000000
Memory 80,500,42,1.000000
Memory 90,500,42,1.000000
Memory 100,500,42,1.000000
Memory 110,500,42,1.000000
Memory 120,500,42,1.000000
Memory 130,500,42,1.000000
Memory 140,500,42,1.000000
Memory 150,500,42,1.000000
Memory 160,500,42,1.000000
Memory 170,500,42,1.000000
Memory 180,500,42,1.000000
Memory 190,500,42,1.000000
Memory 200,500,42,1.000000
Memory 10,500,48,1.000000
Memory 20,500,48,1.000000
Memory 30,500,48,1.000000
Memory 40,500,48,1.000000
Memory 50,500,48,1.000000
Memory 60,500,48,1.000000
Memory 70,500,48,1.000000
Memory 80,500,48,1.000000
Memory 90,500,48,1.000000
Memory 100,500,48,1.000000
Memory 110,500,48,1.000000
Memory 120,500,48,1.000000
Memory 130,500,48,1.000000
Memory 140,500,48,1.000000
Memory 150,500,48,1.000000
Memory 160,500,48,1.000000
Memory 170,500,48,1.000000
Memory 180,500,48,1.000000
Memory 190,500,48,1.000000
Memory 200,500,48,1.000000
Memory 10,500,54,1.000000
Memory 20,500,54,1.000000
Memory 30,500,54,1.000000
Memory 40,500,54,1.000000
Memory 50,500,54,1.000000
Memory 60,500,54,1.000000
Memory 70,500,54,1.000000
Memory 80,500,54,1.000000
Memory 90,500,54,1.000000
Memory 100,500,54,1.000000
Memory 110,500,54,1.000000
Memory 120,500,54,1.000000
Memory 130,500,54,1.000000
Memory 140,500,54,1.000000
Memory 150,500,54,1.000000
Memory 160,500,54,1.000000
Memory 170,500,54,1.000000
Memory 180,500,54,1.000000
Memory 190,500,54,1.000000
Memory 200,500,54,1.000000
Memory 10,500,59,1.000000
Memory 20,500,59,1.000000
Memory 30,500,59,1.000000
Memory 40,500,59,1.000000
Memory 50,500,59,1.000000
Memory 60,500,59,1.000000
Memory 70,500,59,1.000000
Memory 80,500,59,1.000000
Memory 90,500,59,1.000000
Memory 100,500,59,1.000000
Memory 110,500,59,1.000000
Memory 120,500,59,1.000000
Memory 130,500,59,1.000000
Memory 140,500,59,1.000000
Memory 150,500,59,1.000000
Memory 160,500,59,1.000000
Memory 170,500,59,1.000000
Memory 180,500,59,1.000000
Memory 190,500,59,1.000000
Memory 200,500,59,1.000000
Memory 10,500,62,1.000000
Memory 20,500,62,1.000000
Memory 30,500,62,1.000000
Memory 40,500,62,1.000000
Memory 50,500,62,1.000000
Memory 60,500,62,1.000000
Memory 70,500,62,1.000000
Memory 80,500,62,1.000000
Memory 90,500,62,1.000000
Memory 100,500,62,1.000000
Memory 110,500,62,1.000000
Memory 120,500,62,1.000000
Memory 130,500,62,1.000000
Memory 140,500,62,1.000000
Memory 150,500,62,1.000000
Memory 160,500,62,1.000000
Memory 170,500,62,1.000000
Memory 180,500,62,1.000000
Memory 190,500,62,1.000000
Memory 200,500,62,1.000000
