Memory 10,10,7,1.000000
Memory 20,10,7,0.750000
Memory 30,10,7,0.800000
Memory 40,10,7,0.625000
Memory 50,10,7,0.680000
Memory 60,10,7,0.565500
Memory 70,10,7,0.530500
Memory 80,10,7,0.500000
Memory 90,10,7,0.555000
Memory 100,10,7,0.450000
Memory 110,10,7,0.462500
Memory 120,10,7,0.498500
Memory 130,10,7,0.502500
Memory 140,10,7,0.404500
Memory 150,10,7,0.420000
Memory 160,10,7,0.387000
Memory 170,10,7,0.381000
Memory 180,10,7,0.360500
Memory 190,10,7,0.381000
Memory 200,10,7,0.360000
Memory 10,10,12,1.000000
Memory 20,10,12,0.950000
Memory 30,10,12,0.733500
Memory 40,10,12,0.600000
Memory 50,10,12,0.680000
Memory 60,10,12,0.467000
Memory 70,10,12,0.557500
Memory 80,10,12,0.487500
Memory 90,10,12,0.445500
Memory 100,10,12,0.490000
Memory 110,10,12,0.418000
Memory 120,10,12,0.456500
Memory 130,10,12,0.416000
Memory 140,10,12,0.407500
Memory 150,10,12,0.353000
Memory 160,10,12,0.401000
Memory 170,10,12,0.382000
Memory 180,10,12,0.331500
Memory 190,10,12,0.393000
Memory 200,10,12,0.350000
Memory 10,10,24,1.000000
Memory 20,10,24,0.950000
Memory 30,10,24,0.900500
Memory 40,10,24,0.625000
Memory 50,10,24,0.680000
Memory 60,10,24,0.483500
Memory 70,10,24,0.416000
Memory 80,10,24,0.537500
Memory 90,10,24,0.510500
Memory 100,10,24,0.470000
Memory 110,10,24,0.446500
Memory 120,10,24,0.472000
Memory 130,10,24,0.423500
Memory 140,10,24,0.363500
Memory 150,10,24,0.378500
Memory 160,10,24,0.394500
Memory 170,10,24,0.351000
Memory 180,10,24,0.389000
Memory 190,10,24,0.366000
Memory 200,10,24,0.395000
Memory 10,10,31,1.000000
Memory 20,10,31,1.000000
Memory 30,10,31,0.900000
Memory 40,10,31,0.600000
Memory 50,10,31,0.640000
Memory 60,10,31,0.598500
Memory 70,10,31,0.614000
Memory 80,10,31,0.462500
Memory 90,10,31,0.445000
Memory 100,10,31,0.540000
Memory 110,10,31,0.419000
Memory 120,10,31,0.514500
Memory 130,10,31,0.460500
Memory 140,10,31,0.386500
Memory 150,10,31,0.440500
Memory 160,10,31,0.392500
Memory 170,10,31,0.388000
Memory 180,10,31,0.378000
Memory 190,10,31,0.405000
Memory 200,10,31,0.370000
Memory 10,10,36,1.000000
Memory 20,10,36,1.000000
Memory 30,10,36,0.834000
Memory 40,10,36,0.625000
Memory 50,10,36,0.700000
Memory 60,10,36,0.500000
Memory 70,10,36,0.558500
Memory 80,10,36,0.487500
Memory 90,10,36,0.433500
Memory 100,10,36,0.480000
Memory 110,10,36,0.453500
Memory 120,10,36,0.490000
Memory 130,10,36,0.424500
Memory 140,10,36,0.393000
Memory 150,10,36,0.346000
Memory 160,10,36,0.355000
Memory 170,10,36,0.399000
Memory 180,10,36,0.365500
Memory 190,10,36,0.352000
Memory 200,10,36,0.380000
Memory 10,10,42,1.000000
Memory 20,10,42,0.950000
Memory 30,10,42,0.866500
Memory 40,10,42,0.600000
Memory 50,10,42,0.520000
Memory 60,10,42,0.482500
Memory 70,10,42,0.502500
Memory 80,10,42,0.512500
Memory 90,10,42,0.456500
Memory 100,10,42,0.470000
Memory 110,10,42,0.445000
Memory 120,10,42,0.541500
Memory 130,10,42,0.400500
Memory 140,10,42,0.386500
Memory 150,10,42,0.372000
Memory 160,10,42,0.388000
Memory 170,10,42,0.403500
Memory 180,10,42,0.382000
Memory 190,10,42,0.383500
Memory 200,10,42,0.320000
Memory 10,10,48,1.000000
Memory 20,10,48,0.950000
Memory 30,10,48,0.833000
Memory 40,10,48,0.625000
Memory 50,10,48,0.620000
Memory 60,10,48,0.600500
Memory 70,10,48,0.529500
Memory 80,10,48,0.500000
Memory 90,10,48,0.412500
Memory 100,10,48,0.480000
Memory 110,10,48,0.390500
Memory 120,10,48,0.482500
Memory 130,10,48,0.401000
Memory 140,10,48,0.378500
Memory 150,10,48,0.413500
Memory 160,10,48,0.420000
Memory 170,10,48,0.403500
Memory 180,10,48,0.372500
Memory 190,10,48,0.373500
Memory 200,10,48,0.350000
Memory 10,10,54,1.000000
Memory 20,10,54,1.000000
Memory 30,10,54,0.734000
Memory 40,10,54,0.575000
Memory 50,10,54,0.680000
Memory 60,10,54,0.433000
Memory 70,10,54,0.543500
Memory 80,10,54,0.412500
Memory 90,10,54,0.487500
Memory 100,10,54,0.420000
Memory 110,10,54,0.473000
Memory 120,10,54,0.500000
Memory 130,10,54,0.436500
Memory 140,10,54,0.442500
Memory 150,10,54,0.426000
Memory 160,10,54,0.388000
Memory 170,10,54,0.340500
Memory 180,10,54,0.349000
Memory 190,10,54,0.362000
Memory 200,10,54,0.335000
Memory 10,10,59,1.000000
Memory 20,10,59,0.900000
Memory 30,10,59,0.766500
Memory 40,10,59,0.675000
Memory 50,10,59,0.640000
Memory 60,10,59,0.465000
Memory 70,10,59,0.558000
Memory 80,10,59,0.512500
Memory 90,10,59,0.454500
Memory 100,10,59,0.510000
Memory 110,10,59,0.382500
Memory 120,10,59,0.507500
Memory 130,10,59,0.376500
Memory 140,10,59,0.437000
Memory 150,10,59,0.410500
Memory 160,10,59,0.387000
Memory 170,10,59,0.389000
Memory 180,10,59,0.350500
Memory 190,10,59,0.400000
Memory 200,10,59,0.315000
Memory 10,10,62,1.000000
Memory 20,10,62,0.950000
Memory 30,10,62,0.700000
Memory 40,10,62,0.600000
Memory 50,10,62,0.720000
Memory 60,10,62,0.500500
Memory 70,10,62,0.615000
Memory 80,10,62,0.487500
Memory 90,10,62,0.445500
Memory 100,10,62,0.520000
Memory 110,10,62,0.428000
Memory 120,10,62,0.463500
Memory 130,10,62,0.471000
Memory 140,10,62,0.357000
Memory 150,10,62,0.359000
Memory 160,10,62,0.369500
Memory 170,10,62,0.365000
Memory 180,10,62,0.365000
Memory 190,10,62,0.308500
Memory 200,10,62,0.380000
Memory 10,20,7,1.000000
Memory 20,20,7,1.000000
Memory 30,20,7,1.000000
Memory 40,20,7,0.875000
Memory 50,20,7,0.860000
Memory 60,20,7,0.666000
Memory 70,20,7,0.686000
Memory 80,20,7,0.650000
Memory 90,20,7,0.577000
Memory 100,20,7,0.630000
Memory 110,20,7,0.518000
Memory 120,20,7,0.564500
Memory 130,20,7,0.516500
Memory 140,20,7,0.506000
Memory 150,20,7,0.520000
Memory 160,20,7,0.500500
Memory 170,20,7,0.429500
Memory 180,20,7,0.421500
Memory 190,20,7,0.455500
Memory 200,20,7,0.435000
Memory 10,20,12,1.000000
Memory 20,20,12,1.000000
Memory 30,20,12,1.000000
Memory 40,20,12,0.950000
Memory 50,20,12,0.820000
Memory 60,20,12,0.716000
Memory 70,20,12,0.687000
Memory 80,20,12,0.587500
Memory 90,20,12,0.588000
Memory 100,20,12,0.590000
Memory 110,20,12,0.610000
Memory 120,20,12,0.589500
Memory 130,20,12,0.523000
Memory 140,20,12,0.464000
Memory 150,20,12,0.486000
Memory 160,20,12,0.472500
Memory 170,20,12,0.451500
Memory 180,20,12,0.438500
Memory 190,20,12,0.461500
Memory 200,20,12,0.420000
Memory 10,20,24,1.000000
Memory 20,20,24,1.000000
Memory 30,20,24,1.000000
Memory 40,20,24,0.950000
Memory 50,20,24,0.860000
Memory 60,20,24,0.750000
Memory 70,20,24,0.685500
Memory 80,20,24,0.562500
Memory 90,20,24,0.522500
Memory 100,20,24,0.660000
Memory 110,20,24,0.555000
Memory 120,20,24,0.573000
Memory 130,20,24,0.558500
Memory 140,20,24,0.449000
Memory 150,20,24,0.466000
Memory 160,20,24,0.431500
Memory 170,20,24,0.484000
Memory 180,20,24,0.448000
Memory 190,20,24,0.425000
Memory 200,20,24,0.395000
Memory 10,20,31,1.000000
Memory 20,20,31,1.000000
Memory 30,20,31,1.000000
Memory 40,20,31,0.925000
Memory 50,20,31,0.760000
Memory 60,20,31,0.817500
Memory 70,20,31,0.700500
Memory 80,20,31,0.637500
Memory 90,20,31,0.610500
Memory 100,20,31,0.560000
Memory 110,20,31,0.536500
Memory 120,20,31,0.581500
Memory 130,20,31,0.499000
Memory 140,20,31,0.529500
Memory 150,20,31,0.481000
Memory 160,20,31,0.476000
Memory 170,20,31,0.471500
Memory 180,20,31,0.460000
Memory 190,20,31,0.458500
Memory 200,20,31,0.410000
Memory 10,20,36,1.000000
Memory 20,20,36,1.000000
Memory 30,20,36,1.000000
Memory 40,20,36,1.000000
Memory 50,20,36,0.860000
Memory 60,20,36,0.700500
Memory 70,20,36,0.643500
Memory 80,20,36,0.675000
Memory 90,20,36,0.611000
Memory 100,20,36,0.580000
Memory 110,20,36,0.553500
Memory 120,20,36,0.556000
Memory 130,20,36,0.537000
Memory 140,20,36,0.435000
Memory 150,20,36,0.493000
Memory 160,20,36,0.440000
Memory 170,20,36,0.405000
Memory 180,20,36,0.397500
Memory 190,20,36,0.429000
Memory 200,20,36,0.400000
Memory 10,20,42,1.000000
Memory 20,20,42,1.000000
Memory 30,20,42,0.966500
Memory 40,20,42,0.875000
Memory 50,20,42,0.780000
Memory 60,20,42,0.701000
Memory 70,20,42,0.659000
Memory 80,20,42,0.612500
Memory 90,20,42,0.644000
Memory 100,20,42,0.630000
Memory 110,20,42,0.554500
Memory 120,20,42,0.547500
Memory 130,20,42,0.454000
Memory 140,20,42,0.508000
Memory 150,20,42,0.485000
Memory 160,20,42,0.478000
Memory 170,20,42,0.424000
Memory 180,20,42,0.444000
Memory 190,20,42,0.448500
Memory 200,20,42,0.430000
Memory 10,20,48,1.000000
Memory 20,20,48,1.000000
Memory 30,20,48,1.000000
Memory 40,20,48,0.900000
Memory 50,20,48,0.800000
Memory 60,20,48,0.699500
Memory 70,20,48,0.685000
Memory 80,20,48,0.575000
Memory 90,20,48,0.587500
Memory 100,20,48,0.510000
Memory 110,20,48,0.563500
Memory 120,20,48,0.582500
Memory 130,20,48,0.523000
Memory 140,20,48,0.564000
Memory 150,20,48,0.473000
Memory 160,20,48,0.471500
Memory 170,20,48,0.434500
Memory 180,20,48,0.427500
Memory 190,20,48,0.373000
Memory 200,20,48,0.425000
Memory 10,20,54,1.000000
Memory 20,20,54,1.000000
Memory 30,20,54,1.000000
Memory 40,20,54,0.900000
Memory 50,20,54,0.800000
Memory 60,20,54,0.701000
Memory 70,20,54,0.728500
Memory 80,20,54,0.587500
Memory 90,20,54,0.544500
Memory 100,20,54,0.600000
Memory 110,20,54,0.601500
Memory 120,20,54,0.531500
Memory 130,20,54,0.468500
Memory 140,20,54,0.478000
Memory 150,20,54,0.505000
Memory 160,20,54,0.469000
Memory 170,20,54,0.465000
Memory 180,20,54,0.403000
Memory 190,20,54,0.480500
Memory 200,20,54,0.370000
Memory 10,20,59,1.000000
Memory 20,20,59,1.000000
Memory 30,20,59,1.000000
Memory 40,20,59,0.875000
Memory 50,20,59,0.860000
Memory 60,20,59,0.783000
Memory 70,20,59,0.672500
Memory 80,20,59,0.612500
Memory 90,20,59,0.567000
Memory 100,20,59,0.550000
Memory 110,20,59,0.590000
Memory 120,20,59,0.532500
Memory 130,20,59,0.597500
Memory 140,20,59,0.476500
Memory 150,20,59,0.461000
Memory 160,20,59,0.468500
Memory 170,20,59,0.413000
Memory 180,20,59,0.466500
Memory 190,20,59,0.425500
Memory 200,20,59,0.425000
Memory 10,20,62,1.000000
Memory 20,20,62,1.000000
Memory 30,20,62,0.967000
Memory 40,20,62,0.925000
Memory 50,20,62,0.760000
Memory 60,20,62,0.634000
Memory 70,20,62,0.616000
Memory 80,20,62,0.637500
Memory 90,20,62,0.611500
Memory 100,20,62,0.610000
Memory 110,20,62,0.537000
Memory 120,20,62,0.471000
Memory 130,20,62,0.560500
Memory 140,20,62,0.507500
Memory 150,20,62,0.472500
Memory 160,20,62,0.432500
Memory 170,20,62,0.430000
Memory 180,20,62,0.408500
Memory 190,20,62,0.473000
Memory 200,20,62,0.425000
Memory 10,30,7,1.000000
Memory 20,30,7,1.000000
Memory 30,30,7,1.000000
Memory 40,30,7,1.000000
Memory 50,30,7,0.980000
Memory 60,30,7,0.849000
Memory 70,30,7,0.813500
Memory 80,30,7,0.762500
Memory 90,30,7,0.699500
Memory 100,30,7,0.710000
Memory 110,30,7,0.655500
Memory 120,30,7,0.649500
Memory 130,30,7,0.645000
Memory 140,30,7,0.551000
Memory 150,30,7,0.561000
Memory 160,30,7,0.473500
Memory 170,30,7,0.518000
Memory 180,30,7,0.538000
Memory 190,30,7,0.499000
Memory 200,30,7,0.495000
Memory 10,30,12,1.000000
Memory 20,30,12,1.000000
Memory 30,30,12,1.000000
Memory 40,30,12,1.000000
Memory 50,30,12,1.000000
Memory 60,30,12,0.834000
Memory 70,30,12,0.843500
Memory 80,30,12,0.675000
Memory 90,30,12,0.678000
Memory 100,30,12,0.600000
Memory 110,30,12,0.654000
Memory 120,30,12,0.684500
Memory 130,30,12,0.546500
Memory 140,30,12,0.521000
Memory 150,30,12,0.561000
Memory 160,30,12,0.570000
Memory 170,30,12,0.500000
Memory 180,30,12,0.510500
Memory 190,30,12,0.527000
Memory 200,30,12,0.510000
Memory 10,30,24,1.000000
Memory 20,30,24,1.000000
Memory 30,30,24,1.000000
Memory 40,30,24,1.000000
Memory 50,30,24,1.000000
Memory 60,30,24,0.916000
Memory 70,30,24,0.772000
Memory 80,30,24,0.737500
Memory 90,30,24,0.734500
Memory 100,30,24,0.740000
Memory 110,30,24,0.682500
Memory 120,30,24,0.624500
Memory 130,30,24,0.647000
Memory 140,30,24,0.551000
Memory 150,30,24,0.601000
Memory 160,30,24,0.534000
Memory 170,30,24,0.493500
Memory 180,30,24,0.443000
Memory 190,30,24,0.470000
Memory 200,30,24,0.465000
Memory 10,30,31,1.000000
Memory 20,30,31,1.000000
Memory 30,30,31,1.000000
Memory 40,30,31,0.975000
Memory 50,30,31,0.960000
Memory 60,30,31,0.849500
Memory 70,30,31,0.843500
Memory 80,30,31,0.737500
Memory 90,30,31,0.690000
Memory 100,30,31,0.680000
Memory 110,30,31,0.663000
Memory 120,30,31,0.675500
Memory 130,30,31,0.676000
Memory 140,30,31,0.535000
Memory 150,30,31,0.621000
Memory 160,30,31,0.514000
Memory 170,30,31,0.539500
Memory 180,30,31,0.539500
Memory 190,30,31,0.508500
Memory 200,30,31,0.510000
Memory 10,30,36,1.000000
Memory 20,30,36,1.000000
Memory 30,30,36,1.000000
Memory 40,30,36,0.975000
Memory 50,30,36,0.940000
Memory 60,30,36,0.799500
Memory 70,30,36,0.828500
Memory 80,30,36,0.775000
Memory 90,30,36,0.733000
Memory 100,30,36,0.690000
Memory 110,30,36,0.636000
Memory 120,30,36,0.641000
Memory 130,30,36,0.615500
Memory 140,30,36,0.571500
Memory 150,30,36,0.572000
Memory 160,30,36,0.559500
Memory 170,30,36,0.495500
Memory 180,30,36,0.450000
Memory 190,30,36,0.515000
Memory 200,30,36,0.485000
Memory 10,30,42,1.000000
Memory 20,30,42,1.000000
Memory 30,30,42,1.000000
Memory 40,30,42,1.000000
Memory 50,30,42,1.000000
Memory 60,30,42,0.849500
Memory 70,30,42,0.757000
Memory 80,30,42,0.737500
Memory 90,30,42,0.667000
Memory 100,30,42,0.640000
Memory 110,30,42,0.728500
Memory 120,30,42,0.646500
Memory 130,30,42,0.591500
Memory 140,30,42,0.570000
Memory 150,30,42,0.579500
Memory 160,30,42,0.525000
Memory 170,30,42,0.478500
Memory 180,30,42,0.535000
Memory 190,30,42,0.520000
Memory 200,30,42,0.485000
Memory 10,30,48,1.000000
Memory 20,30,48,1.000000
Memory 30,30,48,1.000000
Memory 40,30,48,1.000000
Memory 50,30,48,0.960000
Memory 60,30,48,0.917000
Memory 70,30,48,0.799000
Memory 80,30,48,0.750000
Memory 90,30,48,0.679000
Memory 100,30,48,0.680000
Memory 110,30,48,0.655000
Memory 120,30,48,0.698000
Memory 130,30,48,0.568500
Memory 140,30,48,0.550000
Memory 150,30,48,0.575000
Memory 160,30,48,0.482500
Memory 170,30,48,0.479500
Memory 180,30,48,0.489500
Memory 190,30,48,0.515000
Memory 200,30,48,0.525000
Memory 10,30,54,1.000000
Memory 20,30,54,1.000000
Memory 30,30,54,1.000000
Memory 40,30,54,1.000000
Memory 50,30,54,0.940000
Memory 60,30,54,0.849000
Memory 70,30,54,0.785500
Memory 80,30,54,0.750000
Memory 90,30,54,0.610500
Memory 100,30,54,0.730000
Memory 110,30,54,0.563500
Memory 120,30,54,0.707500
Memory 130,30,54,0.637000
Memory 140,30,54,0.499000
Memory 150,30,54,0.593000
Memory 160,30,54,0.527000
Memory 170,30,54,0.534500
Memory 180,30,54,0.511000
Memory 190,30,54,0.482500
Memory 200,30,54,0.490000
Memory 10,30,59,1.000000
Memory 20,30,59,1.000000
Memory 30,30,59,1.000000
Memory 40,30,59,0.975000
Memory 50,30,59,0.940000
Memory 60,30,59,0.816500
Memory 70,30,59,0.772000
Memory 80,30,59,0.800000
Memory 90,30,59,0.677000
Memory 100,30,59,0.700000
Memory 110,30,59,0.663500
Memory 120,30,59,0.648500
Memory 130,30,59,0.570000
Memory 140,30,59,0.557000
Memory 150,30,59,0.561500
Memory 160,30,59,0.444000
Memory 170,30,59,0.488000
Memory 180,30,59,0.537500
Memory 190,30,59,0.507000
Memory 200,30,59,0.480000
Memory 10,30,62,1.000000
Memory 20,30,62,1.000000
Memory 30,30,62,1.000000
Memory 40,30,62,1.000000
Memory 50,30,62,0.900000
Memory 60,30,62,0.967000
Memory 70,30,62,0.786000
Memory 80,30,62,0.762500
Memory 90,30,62,0.698500
Memory 100,30,62,0.720000
Memory 110,30,62,0.644500
Memory 120,30,62,0.642000
Memory 130,30,62,0.577000
Memory 140,30,62,0.543000
Memory 150,30,62,0.586500
Memory 160,30,62,0.513500
Memory 170,30,62,0.540000
Memory 180,30,62,0.472500
Memory 190,30,62,0.486000
Memory 200,30,62,0.465000
Memory 10,40,7,1.000000
Memory 20,40,7,1.000000
Memory 30,40,7,1.000000
Memory 40,40,7,1.000000
Memory 50,40,7,1.000000
Memory 60,40,7,1.000000
Memory 70,40,7,0.971500
Memory 80,40,7,0.912500
Memory 90,40,7,0.767500
Memory 100,40,7,0.800000
Memory 110,40,7,0.700000
Memory 120,40,7,0.790500
Memory 130,40,7,0.691500
Memory 140,40,7,0.662000
Memory 150,40,7,0.618500
Memory 160,40,7,0.601500
Memory 170,40,7,0.534000
Memory 180,40,7,0.571500
Memory 190,40,7,0.564000
Memory 200,40,7,0.565000
Memory 10,40,12,1.000000
Memory 20,40,12,1.000000
Memory 30,40,12,1.000000
Memory 40,40,12,1.000000
Memory 50,40,12,1.000000
Memory 60,40,12,0.966000
Memory 70,40,12,0.913500
Memory 80,40,12,0.837500
Memory 90,40,12,0.765500
Memory 100,40,12,0.750000
Memory 110,40,12,0.664500
Memory 120,40,12,0.756500
Memory 130,40,12,0.699000
Memory 140,40,12,0.628500
Memory 150,40,12,0.595500
Memory 160,40,12,0.625500
Memory 170,40,12,0.559000
Memory 180,40,12,0.566500
Memory 190,40,12,0.546000
Memory 200,40,12,0.520000
Memory 10,40,24,1.000000
Memory 20,40,24,1.000000
Memory 30,40,24,1.000000
Memory 40,40,24,1.000000
Memory 50,40,24,1.000000
Memory 60,40,24,0.983000
Memory 70,40,24,0.957500
Memory 80,40,24,0.925000
Memory 90,40,24,0.821000
Memory 100,40,24,0.740000
Memory 110,40,24,0.717500
Memory 120,40,24,0.741500
Memory 130,40,24,0.699500
Memory 140,40,24,0.643500
Memory 150,40,24,0.680000
Memory 160,40,24,0.583500
Memory 170,40,24,0.602000
Memory 180,40,24,0.572500
Memory 190,40,24,0.549000
Memory 200,40,24,0.545000
Memory 10,40,31,1.000000
Memory 20,40,31,1.000000
Memory 30,40,31,1.000000
Memory 40,40,31,1.000000
Memory 50,40,31,1.000000
Memory 60,40,31,0.967000
Memory 70,40,31,0.900000
Memory 80,40,31,0.925000
Memory 90,40,31,0.801000
Memory 100,40,31,0.790000
Memory 110,40,31,0.663000
Memory 120,40,31,0.781500
Memory 130,40,31,0.677500
Memory 140,40,31,0.699500
Memory 150,40,31,0.639000
Memory 160,40,31,0.619500
Memory 170,40,31,0.536000
Memory 180,40,31,0.513500
Memory 190,40,31,0.592000
Memory 200,40,31,0.550000
Memory 10,40,36,1.000000
Memory 20,40,36,1.000000
Memory 30,40,36,1.000000
Memory 40,40,36,1.000000
Memory 50,40,36,1.000000
Memory 60,40,36,0.983500
Memory 70,40,36,0.943000
Memory 80,40,36,0.962500
Memory 90,40,36,0.788500
Memory 100,40,36,0.690000
Memory 110,40,36,0.708000
Memory 120,40,36,0.775500
Memory 130,40,36,0.677500
Memory 140,40,36,0.598500
Memory 150,40,36,0.727000
Memory 160,40,36,0.526000
Memory 170,40,36,0.557500
Memory 180,40,36,0.610500
Memory 190,40,36,0.532000
Memory 200,40,36,0.540000
Memory 10,40,42,1.000000
Memory 20,40,42,1.000000
Memory 30,40,42,1.000000
Memory 40,40,42,1.000000
Memory 50,40,42,1.000000
Memory 60,40,42,0.983500
Memory 70,40,42,0.972000
Memory 80,40,42,0.875000
Memory 90,40,42,0.832500
Memory 100,40,42,0.780000
Memory 110,40,42,0.726000
Memory 120,40,42,0.683000
Memory 130,40,42,0.731000
Memory 140,40,42,0.635500
Memory 150,40,42,0.640000
Memory 160,40,42,0.532500
Memory 170,40,42,0.569500
Memory 180,40,42,0.577500
Memory 190,40,42,0.626000
Memory 200,40,42,0.560000
Memory 10,40,48,1.000000
Memory 20,40,48,1.000000
Memory 30,40,48,1.000000
Memory 40,40,48,1.000000
Memory 50,40,48,1.000000
Memory 60,40,48,0.966500
Memory 70,40,48,0.942500
Memory 80,40,48,0.812500
Memory 90,40,48,0.800000
Memory 100,40,48,0.760000
Memory 110,40,48,0.653000
Memory 120,40,48,0.767500
Memory 130,40,48,0.712500
Memory 140,40,48,0.684500
Memory 150,40,48,0.668000
Memory 160,40,48,0.612000
Memory 170,40,48,0.576000
Memory 180,40,48,0.587500
Memory 190,40,48,0.557000
Memory 200,40,48,0.570000
Memory 10,40,54,1.000000
Memory 20,40,54,1.000000
Memory 30,40,54,1.000000
Memory 40,40,54,1.000000
Memory 50,40,54,1.000000
Memory 60,40,54,1.000000
Memory 70,40,54,0.971000
Memory 80,40,54,0.887500
Memory 90,40,54,0.756500
Memory 100,40,54,0.740000
Memory 110,40,54,0.699500
Memory 120,40,54,0.758500
Memory 130,40,54,0.700500
Memory 140,40,54,0.620500
Memory 150,40,54,0.633000
Memory 160,40,54,0.609000
Memory 170,40,54,0.568000
Memory 180,40,54,0.604000
Memory 190,40,54,0.545000
Memory 200,40,54,0.530000
Memory 10,40,59,1.000000
Memory 20,40,59,1.000000
Memory 30,40,59,1.000000
Memory 40,40,59,1.000000
Memory 50,40,59,1.000000
Memory 60,40,59,0.983500
Memory 70,40,59,0.858500
Memory 80,40,59,0.837500
Memory 90,40,59,0.789500
Memory 100,40,59,0.710000
Memory 110,40,59,0.728000
Memory 120,40,59,0.731000
Memory 130,40,59,0.664000
Memory 140,40,59,0.670500
Memory 150,40,59,0.673000
Memory 160,40,59,0.551000
Memory 170,40,59,0.564500
Memory 180,40,59,0.617000
Memory 190,40,59,0.580500
Memory 200,40,59,0.535000
Memory 10,40,62,1.000000
Memory 20,40,62,1.000000
Memory 30,40,62,1.000000
Memory 40,40,62,1.000000
Memory 50,40,62,1.000000
Memory 60,40,62,0.983500
Memory 70,40,62,0.900000
Memory 80,40,62,0.887500
Memory 90,40,62,0.835000
Memory 100,40,62,0.750000
Memory 110,40,62,0.707000
Memory 120,40,62,0.765500
Memory 130,40,62,0.676000
Memory 140,40,62,0.657500
Memory 150,40,62,0.673500
Memory 160,40,62,0.599000
Memory 170,40,62,0.567500
Memory 180,40,62,0.515500
Memory 190,40,62,0.546000
Memory 200,40,62,0.515000
Memory 10,50,7,1.000000
Memory 20,50,7,1.000000
Memory 30,50,7,1.000000
Memory 40,50,7,1.000000
Memory 50,50,7,1.000000
Memory 60,50,7,1.000000
Memory 70,50,7,1.000000
Memory 80,50,7,0.937500
Memory 90,50,7,0.912000
Memory 100,50,7,0.870000
Memory 110,50,7,0.853500
Memory 120,50,7,0.825000
Memory 130,50,7,0.708000
Memory 140,50,7,0.677500
Memory 150,50,7,0.715000
Memory 160,50,7,0.622500
Memory 170,50,7,0.589500
Memory 180,50,7,0.634000
Memory 190,50,7,0.601000
Memory 200,50,7,0.620000
Memory 10,50,12,1.000000
Memory 20,50,12,1.000000
Memory 30,50,12,1.000000
Memory 40,50,12,1.000000
Memory 50,50,12,1.000000
Memory 60,50,12,1.000000
Memory 70,50,12,1.000000
Memory 80,50,12,0.925000
Memory 90,50,12,0.877000
Memory 100,50,12,0.820000
Memory 110,50,12,0.809000
Memory 120,50,12,0.807500
Memory 130,50,12,0.761000
Memory 140,50,12,0.763500
Memory 150,50,12,0.713000
Memory 160,50,12,0.600000
Memory 170,50,12,0.650000
Memory 180,50,12,0.627500
Memory 190,50,12,0.683000
Memory 200,50,12,0.620000
Memory 10,50,24,1.000000
Memory 20,50,24,1.000000
Memory 30,50,24,1.000000
Memory 40,50,24,1.000000
Memory 50,50,24,1.000000
Memory 60,50,24,1.000000
Memory 70,50,24,1.000000
Memory 80,50,24,0.975000
Memory 90,50,24,0.833500
Memory 100,50,24,0.860000
Memory 110,50,24,0.799000
Memory 120,50,24,0.890500
Memory 130,50,24,0.755500
Memory 140,50,24,0.757500
Memory 150,50,24,0.727000
Memory 160,50,24,0.680500
Memory 170,50,24,0.641000
Memory 180,50,24,0.632500
Memory 190,50,24,0.647000
Memory 200,50,24,0.550000
Memory 10,50,31,1.000000
Memory 20,50,31,1.000000
Memory 30,50,31,1.000000
Memory 40,50,31,1.000000
Memory 50,50,31,1.000000
Memory 60,50,31,1.000000
Memory 70,50,31,1.000000
Memory 80,50,31,0.950000
Memory 90,50,31,0.866000
Memory 100,50,31,0.870000
Memory 110,50,31,0.744000
Memory 120,50,31,0.824000
Memory 130,50,31,0.784500
Memory 140,50,31,0.700000
Memory 150,50,31,0.678000
Memory 160,50,31,0.650500
Memory 170,50,31,0.677500
Memory 180,50,31,0.602000
Memory 190,50,31,0.633500
Memory 200,50,31,0.635000
Memory 10,50,36,1.000000
Memory 20,50,36,1.000000
Memory 30,50,36,1.000000
Memory 40,50,36,1.000000
Memory 50,50,36,1.000000
Memory 60,50,36,1.000000
Memory 70,50,36,1.000000
Memory 80,50,36,0.962500
Memory 90,50,36,0.856000
Memory 100,50,36,0.830000
Memory 110,50,36,0.818500
Memory 120,50,36,0.799500
Memory 130,50,36,0.698500
Memory 140,50,36,0.671500
Memory 150,50,36,0.680500
Memory 160,50,36,0.649000
Memory 170,50,36,0.683500
Memory 180,50,36,0.590000
Memory 190,50,36,0.626000
Memory 200,50,36,0.555000
Memory 10,50,42,1.000000
Memory 20,50,42,1.000000
Memory 30,50,42,1.000000
Memory 40,50,42,1.000000
Memory 50,50,42,1.000000
Memory 60,50,42,0.983000
Memory 70,50,42,0.971000
Memory 80,50,42,0.950000
Memory 90,50,42,0.867500
Memory 100,50,42,0.870000
Memory 110,50,42,0.854000
Memory 120,50,42,0.798000
Memory 130,50,42,0.792500
Memory 140,50,42,0.680500
Memory 150,50,42,0.679000
Memory 160,50,42,0.630500
Memory 170,50,42,0.605500
Memory 180,50,42,0.604000
Memory 190,50,42,0.651000
Memory 200,50,42,0.595000
Memory 10,50,48,1.000000
Memory 20,50,48,1.000000
Memory 30,50,48,1.000000
Memory 40,50,48,1.000000
Memory 50,50,48,1.000000
Memory 60,50,48,1.000000
Memory 70,50,48,0.986000
Memory 80,50,48,0.950000
Memory 90,50,48,0.911000
Memory 100,50,48,0.890000
Memory 110,50,48,0.782000
Memory 120,50,48,0.808000
Memory 130,50,48,0.785500
Memory 140,50,48,0.765000
Memory 150,50,48,0.782500
Memory 160,50,48,0.674000
Memory 170,50,48,0.674000
Memory 180,50,48,0.628500
Memory 190,50,48,0.620500
Memory 200,50,48,0.615000
Memory 10,50,54,1.000000
Memory 20,50,54,1.000000
Memory 30,50,54,1.000000
Memory 40,50,54,1.000000
Memory 50,50,54,1.000000
Memory 60,50,54,1.000000
Memory 70,50,54,1.000000
Memory 80,50,54,0.975000
Memory 90,50,54,0.945000
Memory 100,50,54,0.870000
Memory 110,50,54,0.827000
Memory 120,50,54,0.849500
Memory 130,50,54,0.722500
Memory 140,50,54,0.698500
Memory 150,50,54,0.713500
Memory 160,50,54,0.705500
Memory 170,50,54,0.591000
Memory 180,50,54,0.565500
Memory 190,50,54,0.614500
Memory 200,50,54,0.660000
Memory 10,50,59,1.000000
Memory 20,50,59,1.000000
Memory 30,50,59,1.000000
Memory 40,50,59,1.000000
Memory 50,50,59,1.000000
Memory 60,50,59,1.000000
Memory 70,50,59,1.000000
Memory 80,50,59,0.975000
Memory 90,50,59,0.878000
Memory 100,50,59,0.900000
Memory 110,50,59,0.790500
Memory 120,50,59,0.875000
Memory 130,50,59,0.752500
Memory 140,50,59,0.729000
Memory 150,50,59,0.725500
Memory 160,50,59,0.650000
Memory 170,50,59,0.672000
Memory 180,50,59,0.593500
Memory 190,50,59,0.577000
Memory 200,50,59,0.610000
Memory 10,50,62,1.000000
Memory 20,50,62,1.000000
Memory 30,50,62,1.000000
Memory 40,50,62,1.000000
Memory 50,50,62,1.000000
Memory 60,50,62,1.000000
Memory 70,50,62,1.000000
Memory 80,50,62,0.975000
Memory 90,50,62,0.866500
Memory 100,50,62,0.830000
Memory 110,50,62,0.837000
Memory 120,50,62,0.858000
Memory 130,50,62,0.784000
Memory 140,50,62,0.690000
Memory 150,50,62,0.741000
Memory 160,50,62,0.663500
Memory 170,50,62,0.638500
Memory 180,50,62,0.658500
Memory 190,50,62,0.572500
Memory 200,50,62,0.585000
