Memory 10,100,7,1.000000
Memory 20,100,7,0.369000
Memory 30,100,7,0.371500
Memory 40,100,7,0.375500
Memory 50,100,7,0.379500
Memory 60,100,7,0.372000
Memory 70,100,7,0.356000
Memory 80,100,7,0.379000
Memory 90,100,7,0.394500
Memory 100,100,7,0.357500
Memory 110,100,7,0.366000
Memory 120,100,7,0.382000
Memory 130,100,7,0.343000
Memory 140,100,7,0.362000
Memory 150,100,7,0.379500
Memory 160,100,7,0.373000
Memory 170,100,7,0.400000
Memory 180,100,7,0.353000
Memory 190,100,7,0.376000
Memory 200,100,7,0.358000
Memory 10,100,12,1.000000
Memory 20,100,12,0.377500
Memory 30,100,12,0.364500
Memory 40,100,12,0.381500
Memory 50,100,12,0.376500
Memory 60,100,12,0.364500
Memory 70,100,12,0.347000
Memory 80,100,12,0.379500
Memory 90,100,12,0.376500
Memory 100,100,12,0.364500
Memory 110,100,12,0.357500
Memory 120,100,12,0.376000
Memory 130,100,12,0.365000
Memory 140,100,12,0.366500
Memory 150,100,12,0.376500
Memory 160,100,12,0.374000
Memory 170,100,12,0.392500
Memory 180,100,12,0.352000
Memory 190,100,12,0.392000
Memory 200,100,12,0.362000
Memory 10,100,24,1.000000
Memory 20,100,24,0.395500
Memory 30,100,24,0.351000
Memory 40,100,24,0.380000
Memory 50,100,24,0.381500
Memory 60,100,24,0.375500
Memory 70,100,24,0.355500
Memory 80,100,24,0.375500
Memory 90,100,24,0.386500
Memory 100,100,24,0.352000
Memory 110,100,24,0.385000
Memory 120,100,24,0.365500
Memory 130,100,24,0.357000
Memory 140,100,24,0.363500
Memory 150,100,24,0.381000
Memory 160,100,24,0.351500
Memory 170,100,24,0.372500
Memory 180,100,24,0.358000
Memory 190,100,24,0.372500
Memory 200,100,24,0.344000
Memory 10,100,31,1.000000
Memory 20,100,31,0.373500
Memory 30,100,31,0.363000
Memory 40,100,31,0.362000
Memory 50,100,31,0.371500
Memory 60,100,31,0.367000
Memory 70,100,31,0.357000
Memory 80,100,31,0.380000
Memory 90,100,31,0.378000
Memory 100,100,31,0.349500
Memory 110,100,31,0.345000
Memory 120,100,31,0.360500
Memory 130,100,31,0.353500
Memory 140,100,31,0.371500
Memory 150,100,31,0.375500
Memory 160,100,31,0.374000
Memory 170,100,31,0.383000
Memory 180,100,31,0.368000
Memory 190,100,31,0.371000
Memory 200,100,31,0.359500
Memory 10,100,36,1.000000
Memory 20,100,36,0.382500
Memory 30,100,36,0.369000
Memory 40,100,36,0.370000
Memory 50,100,36,0.381000
Memory 60,100,36,0.382500
Memory 70,100,36,0.366000
Memory 80,100,36,0.393500
Memory 90,100,36,0.393500
Memory 100,100,36,0.353500
Memory 110,100,36,0.398500
Memory 120,100,36,0.366500
Memory 130,100,36,0.365500
Memory 140,100,36,0.366000
Memory 150,100,36,0.385000
Memory 160,100,36,0.381000
Memory 170,100,36,0.394000
Memory 180,100,36,0.360500
Memory 190,100,36,0.383500
Memory 200,100,36,0.349000
Memory 10,100,42,1.000000
Memory 20,100,42,0.378500
Memory 30,100,42,0.352000
Memory 40,100,42,0.376000
Memory 50,100,42,0.373000
Memory 60,100,42,0.373500
Memory 70,100,42,0.371000
Memory 80,100,42,0.370500
Memory 90,100,42,0.401500
Memory 100,100,42,0.342500
Memory 110,100,42,0.358000
Memory 120,100,42,0.378000
Memory 130,100,42,0.360500
Memory 140,100,42,0.362500
Memory 150,100,42,0.389500
Memory 160,100,42,0.401500
Memory 170,100,42,0.390000
Memory 180,100,42,0.365500
Memory 190,100,42,0.375500
Memory 200,100,42,0.365500
Memory 10,100,48,1.000000
Memory 20,100,48,0.380500
Memory 30,100,48,0.360000
Memory 40,100,48,0.386500
Memory 50,100,48,0.374000
Memory 60,100,48,0.373500
Memory 70,100,48,0.356000
Memory 80,100,48,0.377500
Memory 90,100,48,0.373500
Memory 100,100,48,0.358500
Memory 110,100,48,0.385500
Memory 120,100,48,0.367500
Memory 130,100,48,0.354500
Memory 140,100,48,0.376500
Memory 150,100,48,0.386500
Memory 160,100,48,0.369500
Memory 170,100,48,0.403500
Memory 180,100,48,0.353000
Memory 190,100,48,0.370000
Memory 200,100,48,0.356500
Memory 10,100,54,1.000000
Memory 20,100,54,0.384500
Memory 30,100,54,0.373500
Memory 40,100,54,0.369500
Memory 50,100,54,0.374500
Memory 60,100,54,0.377000
Memory 70,100,54,0.355500
Memory 80,100,54,0.389000
Memory 90,100,54,0.385500
Memory 100,100,54,0.342500
Memory 110,100,54,0.376000
Memory 120,100,54,0.374000
Memory 130,100,54,0.362000
Memory 140,100,54,0.358500
Memory 150,100,54,0.374000
Memory 160,100,54,0.367500
Memory 170,100,54,0.389000
Memory 180,100,54,0.353500
Memory 190,100,54,0.368500
Memory 200,100,54,0.348500
Memory 10,100,59,1.000000
Memory 20,100,59,0.391000
Memory 30,100,59,0.369000
Memory 40,100,59,0.379500
Memory 50,100,59,0.377000
Memory 60,100,59,0.375000
Memory 70,100,59,0.350000
Memory 80,100,59,0.371000
Memory 90,100,59,0.389500
Memory 100,100,59,0.342000
Memory 110,100,59,0.366000
Memory 120,100,59,0.387000
Memory 130,100,59,0.359000
Memory 140,100,59,0.356500
Memory 150,100,59,0.391000
Memory 160,100,59,0.382500
Memory 170,100,59,0.384000
Memory 180,100,59,0.347500
Memory 190,100,59,0.374500
Memory 200,100,59,0.372500
Memory 10,100,62,1.000000
Memory 20,100,62,0.393500
Memory 30,100,62,0.369000
Memory 40,100,62,0.380000
Memory 50,100,62,0.374500
Memory 60,100,62,0.385500
Memory 70,100,62,0.367000
Memory 80,100,62,0.382000
Memory 90,100,62,0.380000
Memory 100,100,62,0.346000
Memory 110,100,62,0.367500
Memory 120,100,62,0.363000
Memory 130,100,62,0.378000
Memory 140,100,62,0.342000
Memory 150,100,62,0.388500
Memory 160,100,62,0.390000
Memory 170,100,62,0.400000
Memory 180,100,62,0.351000
Memory 190,100,62,0.375500
Memory 200,100,62,0.358500
Memory 10,200,7,1.000000
Memory 20,200,7,0.371000
Memory 30,200,7,0.344500
Memory 40,200,7,0.357000
Memory 50,200,7,0.358500
Memory 60,200,7,0.356000
Memory 70,200,7,0.349000
Memory 80,200,7,0.358500
Memory 90,200,7,0.373000
Memory 100,200,7,0.330000
Memory 110,200,7,0.341500
Memory 120,200,7,0.342000
Memory 130,200,7,0.338000
Memory 140,200,7,0.342000
Memory 150,200,7,0.341000
Memory 160,200,7,0.362500
Memory 170,200,7,0.369000
Memory 180,200,7,0.340500
Memory 190,200,7,0.357000
Memory 200,200,7,0.332000
Memory 10,200,12,1.000000
Memory 20,200,12,0.374500
Memory 30,200,12,0.360000
Memory 40,200,12,0.351000
Memory 50,200,12,0.376000
Memory 60,200,12,0.361500
Memory 70,200,12,0.361500
Memory 80,200,12,0.366500
Memory 90,200,12,0.372000
Memory 100,200,12,0.344000
Memory 110,200,12,0.356500
Memory 120,200,12,0.350500
Memory 130,200,12,0.338000
Memory 140,200,12,0.348000
Memory 150,200,12,0.373500
Memory 160,200,12,0.354500
Memory 170,200,12,0.388000
Memory 180,200,12,0.347000
Memory 190,200,12,0.373500
Memory 200,200,12,0.333500
Memory 10,200,24,1.000000
Memory 20,200,24,0.374000
Memory 30,200,24,0.353500
Memory 40,200,24,0.344500
Memory 50,200,24,0.358000
Memory 60,200,24,0.348500
Memory 70,200,24,0.346500
Memory 80,200,24,0.348000
Memory 90,200,24,0.374000
Memory 100,200,24,0.334500
Memory 110,200,24,0.347000
Memory 120,200,24,0.355000
Memory 130,200,24,0.338000
Memory 140,200,24,0.330500
Memory 150,200,24,0.371500
Memory 160,200,24,0.357500
Memory 170,200,24,0.379000
Memory 180,200,24,0.343500
Memory 190,200,24,0.354000
Memory 200,200,24,0.349500
Memory 10,200,31,1.000000
Memory 20,200,31,0.352500
Memory 30,200,31,0.336000
Memory 40,200,31,0.349500
Memory 50,200,31,0.350500
Memory 60,200,31,0.357000
Memory 70,200,31,0.352500
Memory 80,200,31,0.350500
Memory 90,200,31,0.385000
Memory 100,200,31,0.339500
Memory 110,200,31,0.375500
Memory 120,200,31,0.349500
Memory 130,200,31,0.343500
Memory 140,200,31,0.352000
Memory 150,200,31,0.362000
Memory 160,200,31,0.367000
Memory 170,200,31,0.380000
Memory 180,200,31,0.331500
Memory 190,200,31,0.376000
Memory 200,200,31,0.355000
Memory 10,200,36,1.000000
Memory 20,200,36,0.363000
Memory 30,200,36,0.372500
Memory 40,200,36,0.366000
Memory 50,200,36,0.367500
Memory 60,200,36,0.367000
Memory 70,200,36,0.344500
Memory 80,200,36,0.362500
Memory 90,200,36,0.381000
Memory 100,200,36,0.327000
Memory 110,200,36,0.370000
Memory 120,200,36,0.357500
Memory 130,200,36,0.322000
Memory 140,200,36,0.344000
Memory 150,200,36,0.366500
Memory 160,200,36,0.364500
Memory 170,200,36,0.383000
Memory 180,200,36,0.338000
Memory 190,200,36,0.359000
Memory 200,200,36,0.356000
Memory 10,200,42,1.000000
Memory 20,200,42,0.365000
Memory 30,200,42,0.357000
Memory 40,200,42,0.352500
Memory 50,200,42,0.358500
Memory 60,200,42,0.342000
Memory 70,200,42,0.347500
Memory 80,200,42,0.358000
Memory 90,200,42,0.381000
Memory 100,200,42,0.333000
Memory 110,200,42,0.361000
Memory 120,200,42,0.340000
Memory 130,200,42,0.340500
Memory 140,200,42,0.341000
Memory 150,200,42,0.345000
Memory 160,200,42,0.341000
Memory 170,200,42,0.367500
Memory 180,200,42,0.349500
Memory 190,200,42,0.372000
Memory 200,200,42,0.319000
Memory 10,200,48,1.000000
Memory 20,200,48,0.348000
Memory 30,200,48,0.362500
Memory 40,200,48,0.362500
Memory 50,200,48,0.343000
Memory 60,200,48,0.360000
Memory 70,200,48,0.339500
Memory 80,200,48,0.349500
Memory 90,200,48,0.385500
Memory 100,200,48,0.322000
Memory 110,200,48,0.358500
Memory 120,200,48,0.344500
Memory 130,200,48,0.328000
Memory 140,200,48,0.341000
Memory 150,200,48,0.388500
Memory 160,200,48,0.339500
Memory 170,200,48,0.376500
Memory 180,200,48,0.329500
Memory 190,200,48,0.363500
Memory 200,200,48,0.337500
Memory 10,200,54,1.000000
Memory 20,200,54,0.356500
Memory 30,200,54,0.337000
Memory 40,200,54,0.349000
Memory 50,200,54,0.366000
Memory 60,200,54,0.383000
Memory 70,200,54,0.343500
Memory 80,200,54,0.375000
Memory 90,200,54,0.378000
Memory 100,200,54,0.338500
Memory 110,200,54,0.352500
Memory 120,200,54,0.345500
Memory 130,200,54,0.338000
Memory 140,200,54,0.348500
Memory 150,200,54,0.368500
Memory 160,200,54,0.353500
Memory 170,200,54,0.361500
Memory 180,200,54,0.339500
Memory 190,200,54,0.350000
Memory 200,200,54,0.343500
Memory 10,200,59,1.000000
Memory 20,200,59,0.365500
Memory 30,200,59,0.361500
Memory 40,200,59,0.355000
Memory 50,200,59,0.359500
Memory 60,200,59,0.352500
Memory 70,200,59,0.358000
Memory 80,200,59,0.356500
Memory 90,200,59,0.367500
Memory 100,200,59,0.333500
Memory 110,200,59,0.338000
Memory 120,200,59,0.346000
Memory 130,200,59,0.329000
Memory 140,200,59,0.328000
Memory 150,200,59,0.363000
Memory 160,200,59,0.351500
Memory 170,200,59,0.362500
Memory 180,200,59,0.320000
Memory 190,200,59,0.356500
Memory 200,200,59,0.328500
Memory 10,200,62,1.000000
Memory 20,200,62,0.353500
Memory 30,200,62,0.352000
Memory 40,200,62,0.359000
Memory 50,200,62,0.349500
Memory 60,200,62,0.346500
Memory 70,200,62,0.354000
Memory 80,200,62,0.363500
Memory 90,200,62,0.375500
Memory 100,200,62,0.328500
Memory 110,200,62,0.361000
Memory 120,200,62,0.351500
Memory 130,200,62,0.347500
Memory 140,200,62,0.346000
Memory 150,200,62,0.360500
Memory 160,200,62,0.369500
Memory 170,200,62,0.374500
Memory 180,200,62,0.342500
Memory 190,200,62,0.360000
Memory 200,200,62,0.321500
Memory 10,300,7,1.000000
Memory 20,300,7,0.354500
Memory 30,300,7,0.332000
Memory 40,300,7,0.354000
Memory 50,300,7,0.341000
Memory 60,300,7,0.358000
Memory 70,300,7,0.342000
Memory 80,300,7,0.331500
Memory 90,300,7,0.344000
Memory 100,300,7,0.326000
Memory 110,300,7,0.324000
Memory 120,300,7,0.322000
Memory 130,300,7,0.328500
Memory 140,300,7,0.326500
Memory 150,300,7,0.349500
Memory 160,300,7,0.318500
Memory 170,300,7,0.354000
Memory 180,300,7,0.318000
Memory 190,300,7,0.347000
Memory 200,300,7,0.316000
Memory 10,300,12,1.000000
Memory 20,300,12,0.343500
Memory 30,300,12,0.349500
Memory 40,300,12,0.346500
Memory 50,300,12,0.343000
Memory 60,300,12,0.352000
Memory 70,300,12,0.343000
Memory 80,300,12,0.358500
Memory 90,300,12,0.340000
Memory 100,300,12,0.313000
Memory 110,300,12,0.345000
Memory 120,300,12,0.311500
Memory 130,300,12,0.324500
Memory 140,300,12,0.332000
Memory 150,300,12,0.351500
Memory 160,300,12,0.317500
Memory 170,300,12,0.367500
Memory 180,300,12,0.331000
Memory 190,300,12,0.347000
Memory 200,300,12,0.336500
Memory 10,300,24,1.000000
Memory 20,300,24,0.366000
Memory 30,300,24,0.338500
Memory 40,300,24,0.325000
Memory 50,300,24,0.347000
Memory 60,300,24,0.343500
Memory 70,300,24,0.351500
Memory 80,300,24,0.356500
Memory 90,300,24,0.360500
Memory 100,300,24,0.317000
Memory 110,300,24,0.341500
Memory 120,300,24,0.345500
Memory 130,300,24,0.323500
Memory 140,300,24,0.317000
Memory 150,300,24,0.357000
Memory 160,300,24,0.322500
Memory 170,300,24,0.361000
Memory 180,300,24,0.341000
Memory 190,300,24,0.350000
Memory 200,300,24,0.321000
Memory 10,300,31,1.000000
Memory 20,300,31,0.362500
Memory 30,300,31,0.340000
Memory 40,300,31,0.338500
Memory 50,300,31,0.337500
Memory 60,300,31,0.336500
Memory 70,300,31,0.340000
Memory 80,300,31,0.348000
Memory 90,300,31,0.343000
Memory 100,300,31,0.325000
Memory 110,300,31,0.343500
Memory 120,300,31,0.334000
Memory 130,300,31,0.318500
Memory 140,300,31,0.328500
Memory 150,300,31,0.365500
Memory 160,300,31,0.359500
Memory 170,300,31,0.365500
Memory 180,300,31,0.321500
Memory 190,300,31,0.321500
Memory 200,300,31,0.325500
Memory 10,300,36,1.000000
Memory 20,300,36,0.367000
Memory 30,300,36,0.339500
Memory 40,300,36,0.343500
Memory 50,300,36,0.362000
Memory 60,300,36,0.348500
Memory 70,300,36,0.353500
Memory 80,300,36,0.341500
Memory 90,300,36,0.351500
Memory 100,300,36,0.323000
Memory 110,300,36,0.346500
Memory 120,300,36,0.336000
Memory 130,300,36,0.326500
Memory 140,300,36,0.335000
Memory 150,300,36,0.348500
Memory 160,300,36,0.331000
Memory 170,300,36,0.374500
Memory 180,300,36,0.354000
Memory 190,300,36,0.344000
Memory 200,300,36,0.320500
Memory 10,300,42,1.000000
Memory 20,300,42,0.346500
Memory 30,300,42,0.371500
Memory 40,300,42,0.342500
Memory 50,300,42,0.361000
Memory 60,300,42,0.366000
Memory 70,300,42,0.348000
Memory 80,300,42,0.347500
Memory 90,300,42,0.346000
Memory 100,300,42,0.310000
Memory 110,300,42,0.346000
Memory 120,300,42,0.326500
Memory 130,300,42,0.309000
Memory 140,300,42,0.316000
Memory 150,300,42,0.358000
Memory 160,300,42,0.340000
Memory 170,300,42,0.370500
Memory 180,300,42,0.319500
Memory 190,300,42,0.356500
Memory 200,300,42,0.335500
Memory 10,300,48,1.000000
Memory 20,300,48,0.339500
Memory 30,300,48,0.355500
Memory 40,300,48,0.345000
Memory 50,300,48,0.335500
Memory 60,300,48,0.353500
Memory 70,300,48,0.338500
Memory 80,300,48,0.361500
Memory 90,300,48,0.371500
Memory 100,300,48,0.310500
Memory 110,300,48,0.316000
Memory 120,300,48,0.331500
Memory 130,300,48,0.317500
Memory 140,300,48,0.330500
Memory 150,300,48,0.336000
Memory 160,300,48,0.330500
Memory 170,300,48,0.339000
Memory 180,300,48,0.318500
Memory 190,300,48,0.355000
Memory 200,300,48,0.324500
Memory 10,300,54,1.000000
Memory 20,300,54,0.335500
Memory 30,300,54,0.352000
Memory 40,300,54,0.340500
Memory 50,300,54,0.330000
Memory 60,300,54,0.358000
Memory 70,300,54,0.336500
Memory 80,300,54,0.331500
Memory 90,300,54,0.350000
Memory 100,300,54,0.313000
Memory 110,300,54,0.328500
Memory 120,300,54,0.328000
Memory 130,300,54,0.308000
Memory 140,300,54,0.329500
Memory 150,300,54,0.353000
Memory 160,300,54,0.318000
Memory 170,300,54,0.355500
Memory 180,300,54,0.310500
Memory 190,300,54,0.341500
Memory 200,300,54,0.356500
Memory 10,300,59,1.000000
Memory 20,300,59,0.361500
Memory 30,300,59,0.351500
Memory 40,300,59,0.345500
Memory 50,300,59,0.361500
Memory 60,300,59,0.341500
Memory 70,300,59,0.326000
Memory 80,300,59,0.350500
Memory 90,300,59,0.371000
Memory 100,300,59,0.323500
Memory 110,300,59,0.337500
Memory 120,300,59,0.333500
Memory 130,300,59,0.324500
Memory 140,300,59,0.329000
Memory 150,300,59,0.344000
Memory 160,300,59,0.330000
Memory 170,300,59,0.353000
Memory 180,300,59,0.330500
Memory 190,300,59,0.337000
Memory 200,300,59,0.320000
Memory 10,300,62,1.000000
Memory 20,300,62,0.364000
Memory 30,300,62,0.360500
Memory 40,300,62,0.345000
Memory 50,300,62,0.360000
Memory 60,300,62,0.345500
Memory 70,300,62,0.356000
Memory 80,300,62,0.360500
Memory 90,300,62,0.341000
Memory 100,300,62,0.313500
Memory 110,300,62,0.333000
Memory 120,300,62,0.329500
Memory 130,300,62,0.323000
Memory 140,300,62,0.336000
Memory 150,300,62,0.344000
Memory 160,300,62,0.338000
Memory 170,300,62,0.353500
Memory 180,300,62,0.320500
Memory 190,300,62,0.328500
Memory 200,300,62,0.316500
Memory 10,400,7,1.000000
Memory 20,400,7,0.340500
Memory 30,400,7,0.336000
Memory 40,400,7,0.307500
Memory 50,400,7,0.320000
Memory 60,400,7,0.324500
Memory 70,400,7,0.327000
Memory 80,400,7,0.328500
Memory 90,400,7,0.326000
Memory 100,400,7,0.301000
Memory 110,400,7,0.336000
Memory 120,400,7,0.331500
Memory 130,400,7,0.310500
Memory 140,400,7,0.315000
Memory 150,400,7,0.350000
Memory 160,400,7,0.308500
Memory 170,400,7,0.345500
Memory 180,400,7,0.313000
Memory 190,400,7,0.341000
Memory 200,400,7,0.308500
Memory 10,400,12,1.000000
Memory 20,400,12,0.316500
Memory 30,400,12,0.321000
Memory 40,400,12,0.321500
Memory 50,400,12,0.327500
Memory 60,400,12,0.319000
Memory 70,400,12,0.320500
Memory 80,400,12,0.321500
Memory 90,400,12,0.337000
Memory 100,400,12,0.306000
Memory 110,400,12,0.305000
Memory 120,400,12,0.312000
Memory 130,400,12,0.296000
Memory 140,400,12,0.318000
Memory 150,400,12,0.329500
Memory 160,400,12,0.319000
Memory 170,400,12,0.343000
Memory 180,400,12,0.330000
Memory 190,400,12,0.337000
Memory 200,400,12,0.307500
Memory 10,400,24,1.000000
Memory 20,400,24,0.331000
Memory 30,400,24,0.345000
Memory 40,400,24,0.313000
Memory 50,400,24,0.350500
Memory 60,400,24,0.340000
Memory 70,400,24,0.330000
Memory 80,400,24,0.345500
Memory 90,400,24,0.339500
Memory 100,400,24,0.298000
Memory 110,400,24,0.307500
Memory 120,400,24,0.328000
Memory 130,400,24,0.301000
Memory 140,400,24,0.319500
Memory 150,400,24,0.318500
Memory 160,400,24,0.316000
Memory 170,400,24,0.332500
Memory 180,400,24,0.320500
Memory 190,400,24,0.332500
Memory 200,400,24,0.292500
Memory 10,400,31,1.000000
Memory 20,400,31,0.339500
Memory 30,400,31,0.334500
Memory 40,400,31,0.348500
Memory 50,400,31,0.345000
Memory 60,400,31,0.311000
Memory 70,400,31,0.333500
Memory 80,400,31,0.341000
Memory 90,400,31,0.330000
Memory 100,400,31,0.304500
Memory 110,400,31,0.323000
Memory 120,400,31,0.329000
Memory 130,400,31,0.307000
Memory 140,400,31,0.296000
Memory 150,400,31,0.336000
Memory 160,400,31,0.332500
Memory 170,400,31,0.347000
Memory 180,400,31,0.308500
Memory 190,400,31,0.324500
Memory 200,400,31,0.318000
Memory 10,400,36,1.000000
Memory 20,400,36,0.333000
Memory 30,400,36,0.332000
Memory 40,400,36,0.314500
Memory 50,400,36,0.331000
Memory 60,400,36,0.321000
Memory 70,400,36,0.312000
Memory 80,400,36,0.319500
Memory 90,400,36,0.340000
Memory 100,400,36,0.310000
Memory 110,400,36,0.322000
Memory 120,400,36,0.304000
Memory 130,400,36,0.296000
Memory 140,400,36,0.303000
Memory 150,400,36,0.328500
Memory 160,400,36,0.314500
Memory 170,400,36,0.326000
Memory 180,400,36,0.315000
Memory 190,400,36,0.321500
Memory 200,400,36,0.310000
Memory 10,400,42,1.000000
Memory 20,400,42,0.328500
Memory 30,400,42,0.325000
Memory 40,400,42,0.321500
Memory 50,400,42,0.339000
Memory 60,400,42,0.330500
Memory 70,400,42,0.332000
Memory 80,400,42,0.323500
Memory 90,400,42,0.330500
Memory 100,400,42,0.296500
Memory 110,400,42,0.322000
Memory 120,400,42,0.315000
Memory 130,400,42,0.282500
Memory 140,400,42,0.322500
Memory 150,400,42,0.333500
Memory 160,400,42,0.319500
Memory 170,400,42,0.340000
Memory 180,400,42,0.294500
Memory 190,400,42,0.323000
Memory 200,400,42,0.325500
Memory 10,400,48,1.000000
Memory 20,400,48,0.332500
Memory 30,400,48,0.332500
Memory 40,400,48,0.325500
Memory 50,400,48,0.329000
Memory 60,400,48,0.349500
Memory 70,400,48,0.323000
Memory 80,400,48,0.321500
Memory 90,400,48,0.345500
Memory 100,400,48,0.306000
Memory 110,400,48,0.325000
Memory 120,400,48,0.317000
Memory 130,400,48,0.294000
Memory 140,400,48,0.316000
Memory 150,400,48,0.346000
Memory 160,400,48,0.332500
Memory 170,400,48,0.354000
Memory 180,400,48,0.314500
Memory 190,400,48,0.341500
Memory 200,400,48,0.312000
Memory 10,400,54,1.000000
Memory 20,400,54,0.331500
Memory 30,400,54,0.325500
Memory 40,400,54,0.326000
Memory 50,400,54,0.333000
Memory 60,400,54,0.317000
Memory 70,400,54,0.312500
Memory 80,400,54,0.339000
Memory 90,400,54,0.340500
Memory 100,400,54,0.301500
Memory 110,400,54,0.330500
Memory 120,400,54,0.314500
Memory 130,400,54,0.315500
Memory 140,400,54,0.322000
Memory 150,400,54,0.340500
Memory 160,400,54,0.301500
Memory 170,400,54,0.353500
Memory 180,400,54,0.303500
Memory 190,400,54,0.323000
Memory 200,400,54,0.303000
Memory 10,400,59,1.000000
Memory 20,400,59,0.346500
Memory 30,400,59,0.335500
Memory 40,400,59,0.309000
Memory 50,400,59,0.346000
Memory 60,400,59,0.329000
Memory 70,400,59,0.315500
Memory 80,400,59,0.323500
Memory 90,400,59,0.351500
Memory 100,400,59,0.325000
Memory 110,400,59,0.327000
Memory 120,400,59,0.308500
Memory 130,400,59,0.301500
Memory 140,400,59,0.318500
Memory 150,400,59,0.358000
Memory 160,400,59,0.321500
Memory 170,400,59,0.348500
Memory 180,400,59,0.315000
Memory 190,400,59,0.323500
Memory 200,400,59,0.315000
Memory 10,400,62,1.000000
Memory 20,400,62,0.358000
Memory 30,400,62,0.325500
Memory 40,400,62,0.325500
Memory 50,400,62,0.354000
Memory 60,400,62,0.332000
Memory 70,400,62,0.342500
Memory 80,400,62,0.328500
Memory 90,400,62,0.336000
Memory 100,400,62,0.317000
Memory 110,400,62,0.328500
Memory 120,400,62,0.333500
Memory 130,400,62,0.274500
Memory 140,400,62,0.295500
Memory 150,400,62,0.332000
Memory 160,400,62,0.310000
Memory 170,400,62,0.329500
Memory 180,400,62,0.306000
Memory 190,400,62,0.328500
Memory 200,400,62,0.313000
Memory 10,500,7,1.000000
Memory 20,500,7,0.330500
Memory 30,500,7,0.316000
Memory 40,500,7,0.297500
Memory 50,500,7,0.331500
Memory 60,500,7,0.339500
Memory 70,500,7,0.294000
Memory 80,500,7,0.341000
Memory 90,500,7,0.331500
Memory 100,500,7,0.295500
Memory 110,500,7,0.296000
Memory 120,500,7,0.311500
Memory 130,500,7,0.271500
Memory 140,500,7,0.298000
Memory 150,500,7,0.301500
Memory 160,500,7,0.277000
Memory 170,500,7,0.319000
Memory 180,500,7,0.287500
Memory 190,500,7,0.307500
Memory 200,500,7,0.284500
Memory 10,500,12,1.000000
Memory 20,500,12,0.296500
Memory 30,500,12,0.312500
Memory 40,500,12,0.317000
Memory 50,500,12,0.306500
Memory 60,500,12,0.313500
Memory 70,500,12,0.298500
Memory 80,500,12,0.318000
Memory 90,500,12,0.314000
Memory 100,500,12,0.308500
Memory 110,500,12,0.292500
Memory 120,500,12,0.318500
Memory 130,500,12,0.289000
Memory 140,500,12,0.280000
Memory 150,500,12,0.306500
Memory 160,500,12,0.294500
Memory 170,500,12,0.341000
Memory 180,500,12,0.295000
Memory 190,500,12,0.312000
Memory 200,500,12,0.286500
Memory 10,500,24,1.000000
Memory 20,500,24,0.319000
Memory 30,500,24,0.318000
Memory 40,500,24,0.315000
Memory 50,500,24,0.301500
Memory 60,500,24,0.334500
Memory 70,500,24,0.308500
Memory 80,500,24,0.316000
Memory 90,500,24,0.313000
Memory 100,500,24,0.297500
Memory 110,500,24,0.312000
Memory 120,500,24,0.290500
Memory 130,500,24,0.284500
Memory 140,500,24,0.307000
Memory 150,500,24,0.320500
Memory 160,500,24,0.291000
Memory 170,500,24,0.317000
Memory 180,500,24,0.282000
Memory 190,500,24,0.302500
Memory 200,500,24,0.300500
Memory 10,500,31,1.000000
Memory 20,500,31,0.335500
Memory 30,500,31,0.311000
Memory 40,500,31,0.317000
Memory 50,500,31,0.320000
Memory 60,500,31,0.310500
Memory 70,500,31,0.323000
Memory 80,500,31,0.342000
Memory 90,500,31,0.315500
Memory 100,500,31,0.312000
Memory 110,500,31,0.316000
Memory 120,500,31,0.292000
Memory 130,500,31,0.278000
Memory 140,500,31,0.291500
Memory 150,500,31,0.312000
Memory 160,500,31,0.304000
Memory 170,500,31,0.308000
Memory 180,500,31,0.306500
Memory 190,500,31,0.316000
Memory 200,500,31,0.307500
Memory 10,500,36,1.000000
Memory 20,500,36,0.306000
Memory 30,500,36,0.320000
Memory 40,500,36,0.304000
Memory 50,500,36,0.308000
Memory 60,500,36,0.322500
Memory 70,500,36,0.306500
Memory 80,500,36,0.322500
Memory 90,500,36,0.337000
Memory 100,500,36,0.304500
Memory 110,500,36,0.299500
Memory 120,500,36,0.302500
Memory 130,500,36,0.292000
Memory 140,500,36,0.301000
Memory 150,500,36,0.306500
Memory 160,500,36,0.320500
Memory 170,500,36,0.326000
Memory 180,500,36,0.291500
Memory 190,500,36,0.301000
Memory 200,500,36,0.311500
Memory 10,500,42,1.000000
Memory 20,500,42,0.311000
Memory 30,500,42,0.314500
Memory 40,500,42,0.306000
Memory 50,500,42,0.320000
Memory 60,500,42,0.304500
Memory 70,500,42,0.321500
Memory 80,500,42,0.310500
Memory 90,500,42,0.329500
Memory 100,500,42,0.323500
Memory 110,500,42,0.304500
Memory 120,500,42,0.300000
Memory 130,500,42,0.278000
Memory 140,500,42,0.303000
Memory 150,500,42,0.335000
Memory 160,500,42,0.304000
Memory 170,500,42,0.317000
Memory 180,500,42,0.292000
Memory 190,500,42,0.312000
Memory 200,500,42,0.306500
Memory 10,500,48,1.000000
Memory 20,500,48,0.319000
Memory 30,500,48,0.321000
Memory 40,500,48,0.306000
Memory 50,500,48,0.306000
Memory 60,500,48,0.323500
Memory 70,500,48,0.301500
Memory 80,500,48,0.317500
Memory 90,500,48,0.336500
Memory 100,500,48,0.304000
Memory 110,500,48,0.315500
Memory 120,500,48,0.309500
Memory 130,500,48,0.290500
Memory 140,500,48,0.298000
Memory 150,500,48,0.335500
Memory 160,500,48,0.291000
Memory 170,500,48,0.327500
Memory 180,500,48,0.292000
Memory 190,500,48,0.309500
Memory 200,500,48,0.298000
Memory 10,500,54,1.000000
Memory 20,500,54,0.322500
Memory 30,500,54,0.315000
Memory 40,500,54,0.317500
Memory 50,500,54,0.326500
Memory 60,500,54,0.322500
Memory 70,500,54,0.304500
Memory 80,500,54,0.337000
Memory 90,500,54,0.314000
Memory 100,500,54,0.318000
Memory 110,500,54,0.315500
Memory 120,500,54,0.294500
Memory 130,500,54,0.293500
Memory 140,500,54,0.284500
Memory 150,500,54,0.311000
Memory 160,500,54,0.292000
Memory 170,500,54,0.309000
Memory 180,500,54,0.288000
Memory 190,500,54,0.305000
Memory 200,500,54,0.308500
Memory 10,500,59,1.000000
Memory 20,500,59,0.319000
Memory 30,500,59,0.306000
Memory 40,500,59,0.315500
Memory 50,500,59,0.335000
Memory 60,500,59,0.338500
Memory 70,500,59,0.309000
Memory 80,500,59,0.319000
Memory 90,500,59,0.321500
Memory 100,500,59,0.313500
Memory 110,500,59,0.332000
Memory 120,500,59,0.304000
Memory 130,500,59,0.288000
Memory 140,500,59,0.303000
Memory 150,500,59,0.322000
Memory 160,500,59,0.290500
Memory 170,500,59,0.333500
Memory 180,500,59,0.286000
Memory 190,500,59,0.316500
Memory 200,500,59,0.300000
Memory 10,500,62,1.000000
Memory 20,500,62,0.329000
Memory 30,500,62,0.311000
Memory 40,500,62,0.304500
Memory 50,500,62,0.319000
Memory 60,500,62,0.310000
Memory 70,500,62,0.304500
Memory 80,500,62,0.322500
Memory 90,500,62,0.302500
Memory 100,500,62,0.306000
Memory 110,500,62,0.302000
Memory 120,500,62,0.308500
Memory 130,500,62,0.287000
Memory 140,500,62,0.295000
Memory 150,500,62,0.315500
Memory 160,500,62,0.298000
Memory 170,500,62,0.322500
Memory 180,500,62,0.287500
Memory 190,500,62,0.318000
Memory 200,500,62,0.291500
