Memory 10,10,7,1.000000
Memory 20,10,7,1.000000
Memory 30,10,7,0.834000
Memory 40,10,7,0.725000
Memory 50,10,7,0.600000
Memory 60,10,7,0.533500
Memory 70,10,7,0.600000
Memory 80,10,7,0.525000
Memory 90,10,7,0.423000
Memory 100,10,7,0.520000
Memory 110,10,7,0.435500
Memory 120,10,7,0.456500
Memory 130,10,7,0.452000
Memory 140,10,7,0.457000
Memory 150,10,7,0.390500
Memory 160,10,7,0.450500
Memory 170,10,7,0.352500
Memory 180,10,7,0.438000
Memory 190,10,7,0.389500
Memory 200,10,7,0.360000
Memory 10,10,12,1.000000
Memory 20,10,12,0.950000
Memory 30,10,12,0.833000
Memory 40,10,12,0.600000
Memory 50,10,12,0.500000
Memory 60,10,12,0.632000
Memory 70,10,12,0.584000
Memory 80,10,12,0.500000
Memory 90,10,12,0.431500
Memory 100,10,12,0.470000
Memory 110,10,12,0.417000
Memory 120,10,12,0.382000
Memory 130,10,12,0.444500
Memory 140,10,12,0.405500
Memory 150,10,12,0.372500
Memory 160,10,12,0.398000
Memory 170,10,12,0.390500
Memory 180,10,12,0.377000
Memory 190,10,12,0.347000
Memory 200,10,12,0.375000
Memory 10,10,24,1.000000
Memory 20,10,24,1.000000
Memory 30,10,24,0.866500
Memory 40,10,24,0.675000
Memory 50,10,24,0.560000
Memory 60,10,24,0.515500
Memory 70,10,24,0.570500
Memory 80,10,24,0.537500
Memory 90,10,24,0.455000
Memory 100,10,24,0.440000
Memory 110,10,24,0.434500
Memory 120,10,24,0.409500
Memory 130,10,24,0.447000
Memory 140,10,24,0.435500
Memory 150,10,24,0.424500
Memory 160,10,24,0.389000
Memory 170,10,24,0.375500
Memory 180,10,24,0.417500
Memory 190,10,24,0.363000
Memory 200,10,24,0.340000
Memory 10,10,31,1.000000
Memory 20,10,31,1.000000
Memory 30,10,31,0.799500
Memory 40,10,31,0.725000
Memory 50,10,31,0.500000
Memory 60,10,31,0.550000
Memory 70,10,31,0.527500
Memory 80,10,31,0.500000
Memory 90,10,31,0.488000
Memory 100,10,31,0.440000
Memory 110,10,31,0.508000
Memory 120,10,31,0.425000
Memory 130,10,31,0.424500
Memory 140,10,31,0.414500
Memory 150,10,31,0.446500
Memory 160,10,31,0.389500
Memory 170,10,31,0.390000
Memory 180,10,31,0.360000
Memory 190,10,31,0.372000
Memory 200,10,31,0.410000
Memory 10,10,36,1.000000
Memory 20,10,36,1.000000
Memory 30,10,36,0.867000
Memory 40,10,36,0.650000
Memory 50,10,36,0.620000
Memory 60,10,36,0.632500
Memory 70,10,36,0.513000
Memory 80,10,36,0.537500
Memory 90,10,36,0.489000
Memory 100,10,36,0.500000
Memory 110,10,36,0.425000
Memory 120,10,36,0.476000
Memory 130,10,36,0.424500
Memory 140,10,36,0.437000
Memory 150,10,36,0.371000
Memory 160,10,36,0.464500
Memory 170,10,36,0.418500
Memory 180,10,36,0.372500
Memory 190,10,36,0.356000
Memory 200,10,36,0.345000
Memory 10,10,42,1.000000
Memory 20,10,42,0.950000
Memory 30,10,42,0.766500
Memory 40,10,42,0.675000
Memory 50,10,42,0.520000
Memory 60,10,42,0.614500
Memory 70,10,42,0.542500
Memory 80,10,42,0.512500
Memory 90,10,42,0.433000
Memory 100,10,42,0.390000
Memory 110,10,42,0.443500
Memory 120,10,42,0.414000
Memory 130,10,42,0.391000
Memory 140,10,42,0.444500
Memory 150,10,42,0.451500
Memory 160,10,42,0.431000
Memory 170,10,42,0.358500
Memory 180,10,42,0.357500
Memory 190,10,42,0.363000
Memory 200,10,42,0.365000
Memory 10,10,48,1.000000
Memory 20,10,48,0.950000
Memory 30,10,48,0.934000
Memory 40,10,48,0.675000
Memory 50,10,48,0.520000
Memory 60,10,48,0.566500
Memory 70,10,48,0.542500
Memory 80,10,48,0.475000
Memory 90,10,48,0.510500
Memory 100,10,48,0.510000
Memory 110,10,48,0.399000
Memory 120,10,48,0.491000
Memory 130,10,48,0.415000
Memory 140,10,48,0.458500
Memory 150,10,48,0.412500
Memory 160,10,48,0.364000
Memory 170,10,48,0.389000
Memory 180,10,48,0.383500
Memory 190,10,48,0.343500
Memory 200,10,48,0.375000
Memory 10,10,54,1.000000
Memory 20,10,54,1.000000
Memory 30,10,54,0.800000
Memory 40,10,54,0.675000
Memory 50,10,54,0.660000
Memory 60,10,54,0.598500
Memory 70,10,54,0.600000
Memory 80,10,54,0.500000
Memory 90,10,54,0.445000
Memory 100,10,54,0.480000
Memory 110,10,54,0.452500
Memory 120,10,54,0.431000
Memory 130,10,54,0.453000
Memory 140,10,54,0.408500
Memory 150,10,54,0.404500
Memory 160,10,54,0.430000
Memory 170,10,54,0.414000
Memory 180,10,54,0.355000
Memory 190,10,54,0.326500
Memory 200,10,54,0.355000
Memory 10,10,59,1.000000
Memory 20,10,59,1.000000
Memory 30,10,59,0.900000
Memory 40,10,59,0.750000
Memory 50,10,59,0.680000
Memory 60,10,59,0.566000
Memory 70,10,59,0.557000
Memory 80,10,59,0.512500
Memory 90,10,59,0.510000
Memory 100,10,59,0.510000
Memory 110,10,59,0.381500
Memory 120,10,59,0.391000
Memory 130,10,59,0.384500
Memory 140,10,59,0.429000
Memory 150,10,59,0.359500
Memory 160,10,59,0.386000
Memory 170,10,59,0.405500
Memory 180,10,59,0.349500
Memory 190,10,59,0.385500
Memory 200,10,59,0.430000
Memory 10,10,62,1.000000
Memory 20,10,62,1.000000
Memory 30,10,62,0.833500
Memory 40,10,62,0.600000
Memory 50,10,62,0.520000
Memory 60,10,62,0.532500
Memory 70,10,62,0.698500
Memory 80,10,62,0.537500
Memory 90,10,62,0.475500
Memory 100,10,62,0.420000
Memory 110,10,62,0.444500
Memory 120,10,62,0.399500
Memory 130,10,62,0.444500
Memory 140,10,62,0.450000
Memory 150,10,62,0.391500
Memory 160,10,62,0.471500
Memory 170,10,62,0.402000
Memory 180,10,62,0.377000
Memory 190,10,62,0.317000
Memory 200,10,62,0.345000
Memory 10,20,7,1.000000
Memory 20,20,7,1.000000
Memory 30,20,7,0.967000
Memory 40,20,7,0.950000
Memory 50,20,7,0.720000
Memory 60,20,7,0.766000
Memory 70,20,7,0.685500
Memory 80,20,7,0.625000
Memory 90,20,7,0.533500
Memory 100,20,7,0.500000
Memory 110,20,7,0.508500
Memory 120,20,7,0.541500
Memory 130,20,7,0.540500
Memory 140,20,7,0.520000
Memory 150,20,7,0.479000
Memory 160,20,7,0.550000
Memory 170,20,7,0.394000
Memory 180,20,7,0.504500
Memory 190,20,7,0.440000
Memory 200,20,7,0.435000
Memory 10,20,12,1.000000
Memory 20,20,12,1.000000
Memory 30,20,12,1.000000
Memory 40,20,12,0.925000
Memory 50,20,12,0.720000
Memory 60,20,12,0.700500
Memory 70,20,12,0.699000
Memory 80,20,12,0.650000
Memory 90,20,12,0.634500
Memory 100,20,12,0.670000
Memory 110,20,12,0.554500
Memory 120,20,12,0.526000
Memory 130,20,12,0.515000
Memory 140,20,12,0.506000
Memory 150,20,12,0.430500
Memory 160,20,12,0.487000
Memory 170,20,12,0.489000
Memory 180,20,12,0.438000
Memory 190,20,12,0.490000
Memory 200,20,12,0.465000
Memory 10,20,24,1.000000
Memory 20,20,24,1.000000
Memory 30,20,24,1.000000
Memory 40,20,24,0.975000
Memory 50,20,24,0.760000
Memory 60,20,24,0.699000
Memory 70,20,24,0.700500
Memory 80,20,24,0.600000
Memory 90,20,24,0.588500
Memory 100,20,24,0.600000
Memory 110,20,24,0.483500
Memory 120,20,24,0.533500
Memory 130,20,24,0.520500
Memory 140,20,24,0.535500
Memory 150,20,24,0.457000
Memory 160,20,24,0.481000
Memory 170,20,24,0.464500
Memory 180,20,24,0.487000
Memory 190,20,24,0.417000
Memory 200,20,24,0.470000
Memory 10,20,31,1.000000
Memory 20,20,31,1.000000
Memory 30,20,31,1.000000
Memory 40,20,31,0.975000
Memory 50,20,31,0.860000
Memory 60,20,31,0.734000
Memory 70,20,31,0.757000
Memory 80,20,31,0.587500
Memory 90,20,31,0.576500
Memory 100,20,31,0.640000
Memory 110,20,31,0.562000
Memory 120,20,31,0.541000
Memory 130,20,31,0.538500
Memory 140,20,31,0.494500
Memory 150,20,31,0.437000
Memory 160,20,31,0.508000
Memory 170,20,31,0.458500
Memory 180,20,31,0.472000
Memory 190,20,31,0.399500
Memory 200,20,31,0.470000
Memory 10,20,36,1.000000
Memory 20,20,36,1.000000
Memory 30,20,36,1.000000
Memory 40,20,36,0.950000
Memory 50,20,36,0.760000
Memory 60,20,36,0.684000
Memory 70,20,36,0.713500
Memory 80,20,36,0.662500
Memory 90,20,36,0.601000
Memory 100,20,36,0.550000
Memory 110,20,36,0.554500
Memory 120,20,36,0.598500
Memory 130,20,36,0.464500
Memory 140,20,36,0.506500
Memory 150,20,36,0.519500
Memory 160,20,36,0.468500
Memory 170,20,36,0.446500
Memory 180,20,36,0.437500
Memory 190,20,36,0.402500
Memory 200,20,36,0.430000
Memory 10,20,42,1.000000
Memory 20,20,42,1.000000
Memory 30,20,42,1.000000
Memory 40,20,42,0.900000
Memory 50,20,42,0.860000
Memory 60,20,42,0.699500
Memory 70,20,42,0.740500
Memory 80,20,42,0.637500
Memory 90,20,42,0.611500
Memory 100,20,42,0.590000
Memory 110,20,42,0.526000
Memory 120,20,42,0.573500
Memory 130,20,42,0.494000
Memory 140,20,42,0.470500
Memory 150,20,42,0.509000
Memory 160,20,42,0.492500
Memory 170,20,42,0.467000
Memory 180,20,42,0.434000
Memory 190,20,42,0.431500
Memory 200,20,42,0.455000
Memory 10,20,48,1.000000
Memory 20,20,48,1.000000
Memory 30,20,48,1.000000
Memory 40,20,48,0.875000
Memory 50,20,48,0.840000
Memory 60,20,48,0.683000
Memory 70,20,48,0.716500
Memory 80,20,48,0.637500
Memory 90,20,48,0.632000
Memory 100,20,48,0.620000
Memory 110,20,48,0.499000
Memory 120,20,48,0.606500
Memory 130,20,48,0.515500
Memory 140,20,48,0.470000
Memory 150,20,48,0.446000
Memory 160,20,48,0.499500
Memory 170,20,48,0.376500
Memory 180,20,48,0.443500
Memory 190,20,48,0.461500
Memory 200,20,48,0.485000
Memory 10,20,54,1.000000
Memory 20,20,54,1.000000
Memory 30,20,54,1.000000
Memory 40,20,54,1.000000
Memory 50,20,54,0.740000
Memory 60,20,54,0.733000
Memory 70,20,54,0.701000
Memory 80,20,54,0.600000
Memory 90,20,54,0.544500
Memory 100,20,54,0.590000
Memory 110,20,54,0.499000
Memory 120,20,54,0.474000
Memory 130,20,54,0.569500
Memory 140,20,54,0.465500
Memory 150,20,54,0.465000
Memory 160,20,54,0.473000
Memory 170,20,54,0.496000
Memory 180,20,54,0.438500
Memory 190,20,54,0.383500
Memory 200,20,54,0.490000
Memory 10,20,59,1.000000
Memory 20,20,59,1.000000
Memory 30,20,59,1.000000
Memory 40,20,59,0.975000
Memory 50,20,59,0.820000
Memory 60,20,59,0.733500
Memory 70,20,59,0.799000
Memory 80,20,59,0.600000
Memory 90,20,59,0.578000
Memory 100,20,59,0.620000
Memory 110,20,59,0.535000
Memory 120,20,59,0.466500
Memory 130,20,59,0.525500
Memory 140,20,59,0.478500
Memory 150,20,59,0.493500
Memory 160,20,59,0.462500
Memory 170,20,59,0.424000
Memory 180,20,59,0.439000
Memory 190,20,59,0.406000
Memory 200,20,59,0.455000
Memory 10,20,62,1.000000
Memory 20,20,62,1.000000
Memory 30,20,62,1.000000
Memory 40,20,62,0.825000
Memory 50,20,62,0.880000
Memory 60,20,62,0.732000
Memory 70,20,62,0.728500
Memory 80,20,62,0.637500
Memory 90,20,62,0.554500
Memory 100,20,62,0.560000
Memory 110,20,62,0.536000
Memory 120,20,62,0.549500
Memory 130,20,62,0.529000
Memory 140,20,62,0.544000
Memory 150,20,62,0.399000
Memory 160,20,62,0.492500
Memory 170,20,62,0.453500
Memory 180,20,62,0.455500
Memory 190,20,62,0.468000
Memory 200,20,62,0.410000
Memory 10,30,7,1.000000
Memory 20,30,7,1.000000
Memory 30,30,7,1.000000
Memory 40,30,7,1.000000
Memory 50,30,7,0.960000
Memory 60,30,7,0.882500
Memory 70,30,7,0.871000
Memory 80,30,7,0.762500
Memory 90,30,7,0.743000
Memory 100,30,7,0.670000
Memory 110,30,7,0.692000
Memory 120,30,7,0.592500
Memory 130,30,7,0.608500
Memory 140,30,7,0.591500
Memory 150,30,7,0.538000
Memory 160,30,7,0.524500
Memory 170,30,7,0.489500
Memory 180,30,7,0.499000
Memory 190,30,7,0.521000
Memory 200,30,7,0.430000
Memory 10,30,12,1.000000
Memory 20,30,12,1.000000
Memory 30,30,12,1.000000
Memory 40,30,12,1.000000
Memory 50,30,12,0.900000
Memory 60,30,12,0.899000
Memory 70,30,12,0.857000
Memory 80,30,12,0.725000
Memory 90,30,12,0.665500
Memory 100,30,12,0.700000
Memory 110,30,12,0.646000
Memory 120,30,12,0.674000
Memory 130,30,12,0.616000
Memory 140,30,12,0.670500
Memory 150,30,12,0.598500
Memory 160,30,12,0.575500
Memory 170,30,12,0.535500
Memory 180,30,12,0.515000
Memory 190,30,12,0.517000
Memory 200,30,12,0.505000
Memory 10,30,24,1.000000
Memory 20,30,24,1.000000
Memory 30,30,24,1.000000
Memory 40,30,24,1.000000
Memory 50,30,24,0.960000
Memory 60,30,24,0.916000
Memory 70,30,24,0.871500
Memory 80,30,24,0.762500
Memory 90,30,24,0.756000
Memory 100,30,24,0.720000
Memory 110,30,24,0.600500
Memory 120,30,24,0.574000
Memory 130,30,24,0.538000
Memory 140,30,24,0.565500
Memory 150,30,24,0.545000
Memory 160,30,24,0.593000
Memory 170,30,24,0.470500
Memory 180,30,24,0.549000
Memory 190,30,24,0.521000
Memory 200,30,24,0.515000
Memory 10,30,31,1.000000
Memory 20,30,31,1.000000
Memory 30,30,31,1.000000
Memory 40,30,31,1.000000
Memory 50,30,31,0.920000
Memory 60,30,31,0.933500
Memory 70,30,31,0.783500
Memory 80,30,31,0.700000
Memory 90,30,31,0.688500
Memory 100,30,31,0.790000
Memory 110,30,31,0.681500
Memory 120,30,31,0.674500
Memory 130,30,31,0.567000
Memory 140,30,31,0.579000
Memory 150,30,31,0.536500
Memory 160,30,31,0.507000
Memory 170,30,31,0.552500
Memory 180,30,31,0.494000
Memory 190,30,31,0.489500
Memory 200,30,31,0.510000
Memory 10,30,36,1.000000
Memory 20,30,36,1.000000
Memory 30,30,36,1.000000
Memory 40,30,36,1.000000
Memory 50,30,36,1.000000
Memory 60,30,36,0.966500
Memory 70,30,36,0.814500
Memory 80,30,36,0.737500
Memory 90,30,36,0.722500
Memory 100,30,36,0.680000
Memory 110,30,36,0.526000
Memory 120,30,36,0.615000
Memory 130,30,36,0.615500
Memory 140,30,36,0.622000
Memory 150,30,36,0.533000
Memory 160,30,36,0.549000
Memory 170,30,36,0.574500
Memory 180,30,36,0.572000
Memory 190,30,36,0.472500
Memory 200,30,36,0.535000
Memory 10,30,42,1.000000
Memory 20,30,42,1.000000
Memory 30,30,42,1.000000
Memory 40,30,42,1.000000
Memory 50,30,42,0.980000
Memory 60,30,42,0.882500
Memory 70,30,42,0.856500
Memory 80,30,42,0.737500
Memory 90,30,42,0.712000
Memory 100,30,42,0.680000
Memory 110,30,42,0.683000
Memory 120,30,42,0.616500
Memory 130,30,42,0.576500
Memory 140,30,42,0.663000
Memory 150,30,42,0.518000
Memory 160,30,42,0.562000
Memory 170,30,42,0.523000
Memory 180,30,42,0.499500
Memory 190,30,42,0.515000
Memory 200,30,42,0.495000
Memory 10,30,48,1.000000
Memory 20,30,48,1.000000
Memory 30,30,48,1.000000
Memory 40,30,48,0.975000
Memory 50,30,48,0.880000
Memory 60,30,48,0.900500
Memory 70,30,48,0.871500
Memory 80,30,48,0.850000
Memory 90,30,48,0.733000
Memory 100,30,48,0.700000
Memory 110,30,48,0.588000
Memory 120,30,48,0.597500
Memory 130,30,48,0.621500
Memory 140,30,48,0.543000
Memory 150,30,48,0.569500
Memory 160,30,48,0.545000
Memory 170,30,48,0.489000
Memory 180,30,48,0.510000
Memory 190,30,48,0.493500
Memory 200,30,48,0.470000
Memory 10,30,54,1.000000
Memory 20,30,54,1.000000
Memory 30,30,54,1.000000
Memory 40,30,54,1.000000
Memory 50,30,54,1.000000
Memory 60,30,54,0.849500
Memory 70,30,54,0.842500
Memory 80,30,54,0.762500
Memory 90,30,54,0.700000
Memory 100,30,54,0.700000
Memory 110,30,54,0.637000
Memory 120,30,54,0.574500
Memory 130,30,54,0.692000
Memory 140,30,54,0.565000
Memory 150,30,54,0.480000
Memory 160,30,54,0.562000
Memory 170,30,54,0.488500
Memory 180,30,54,0.538000
Memory 190,30,54,0.526000
Memory 200,30,54,0.495000
Memory 10,30,59,1.000000
Memory 20,30,59,1.000000
Memory 30,30,59,1.000000
Memory 40,30,59,1.000000
Memory 50,30,59,0.940000
Memory 60,30,59,0.849000
Memory 70,30,59,0.757000
Memory 80,30,59,0.800000
Memory 90,30,59,0.643500
Memory 100,30,59,0.730000
Memory 110,30,59,0.664500
Memory 120,30,59,0.616500
Memory 130,30,59,0.608000
Memory 140,30,59,0.584500
Memory 150,30,59,0.571000
Memory 160,30,59,0.589000
Memory 170,30,59,0.530500
Memory 180,30,59,0.499000
Memory 190,30,59,0.461500
Memory 200,30,59,0.470000
Memory 10,30,62,1.000000
Memory 20,30,62,1.000000
Memory 30,30,62,1.000000
Memory 40,30,62,1.000000
Memory 50,30,62,0.940000
Memory 60,30,62,0.883500
Memory 70,30,62,0.870000
Memory 80,30,62,0.687500
Memory 90,30,62,0.699000
Memory 100,30,62,0.690000
Memory 110,30,62,0.590500
Memory 120,30,62,0.549000
Memory 130,30,62,0.601000
Memory 140,30,62,0.523500
Memory 150,30,62,0.554500
Memory 160,30,62,0.549500
Memory 170,30,62,0.541000
Memory 180,30,62,0.535500
Memory 190,30,62,0.468000
Memory 200,30,62,0.500000
Memory 10,40,7,1.000000
Memory 20,40,7,1.000000
Memory 30,40,7,1.000000
Memory 40,40,7,1.000000
Memory 50,40,7,1.000000
Memory 60,40,7,0.983500
Memory 70,40,7,0.942500
Memory 80,40,7,0.837500
Memory 90,40,7,0.844000
Memory 100,40,7,0.760000
Memory 110,40,7,0.654500
Memory 120,40,7,0.665500
Memory 130,40,7,0.715500
Memory 140,40,7,0.664000
Memory 150,40,7,0.593000
Memory 160,40,7,0.573500
Memory 170,40,7,0.575000
Memory 180,40,7,0.536500
Memory 190,40,7,0.562500
Memory 200,40,7,0.540000
Memory 10,40,12,1.000000
Memory 20,40,12,1.000000
Memory 30,40,12,1.000000
Memory 40,40,12,1.000000
Memory 50,40,12,1.000000
Memory 60,40,12,0.967000
Memory 70,40,12,0.956500
Memory 80,40,12,0.850000
Memory 90,40,12,0.799000
Memory 100,40,12,0.790000
Memory 110,40,12,0.690000
Memory 120,40,12,0.690500
Memory 130,40,12,0.700000
Memory 140,40,12,0.621000
Memory 150,40,12,0.599000
Memory 160,40,12,0.638000
Memory 170,40,12,0.588000
Memory 180,40,12,0.583000
Memory 190,40,12,0.544000
Memory 200,40,12,0.555000
Memory 10,40,24,1.000000
Memory 20,40,24,1.000000
Memory 30,40,24,1.000000
Memory 40,40,24,1.000000
Memory 50,40,24,1.000000
Memory 60,40,24,1.000000
Memory 70,40,24,0.957000
Memory 80,40,24,0.837500
Memory 90,40,24,0.877000
Memory 100,40,24,0.800000
Memory 110,40,24,0.737500
Memory 120,40,24,0.723500
Memory 130,40,24,0.670000
Memory 140,40,24,0.677500
Memory 150,40,24,0.658000
Memory 160,40,24,0.617500
Memory 170,40,24,0.541500
Memory 180,40,24,0.587000
Memory 190,40,24,0.551000
Memory 200,40,24,0.565000
Memory 10,40,31,1.000000
Memory 20,40,31,1.000000
Memory 30,40,31,1.000000
Memory 40,40,31,1.000000
Memory 50,40,31,1.000000
Memory 60,40,31,0.950500
Memory 70,40,31,0.929000
Memory 80,40,31,0.912500
Memory 90,40,31,0.822500
Memory 100,40,31,0.760000
Memory 110,40,31,0.754000
Memory 120,40,31,0.673000
Memory 130,40,31,0.723000
Memory 140,40,31,0.665000
Memory 150,40,31,0.617000
Memory 160,40,31,0.644000
Memory 170,40,31,0.611000
Memory 180,40,31,0.550000
Memory 190,40,31,0.557000
Memory 200,40,31,0.535000
Memory 10,40,36,1.000000
Memory 20,40,36,1.000000
Memory 30,40,36,1.000000
Memory 40,40,36,1.000000
Memory 50,40,36,1.000000
Memory 60,40,36,0.983500
Memory 70,40,36,0.913000
Memory 80,40,36,0.900000
Memory 90,40,36,0.799500
Memory 100,40,36,0.830000
Memory 110,40,36,0.736000
Memory 120,40,36,0.707500
Memory 130,40,36,0.738500
Memory 140,40,36,0.750500
Memory 150,40,36,0.585000
Memory 160,40,36,0.631000
Memory 170,40,36,0.553500
Memory 180,40,36,0.498000
Memory 190,40,36,0.522500
Memory 200,40,36,0.540000
Memory 10,40,42,1.000000
Memory 20,40,42,1.000000
Memory 30,40,42,1.000000
Memory 40,40,42,1.000000
Memory 50,40,42,1.000000
Memory 60,40,42,0.966500
Memory 70,40,42,0.956500
Memory 80,40,42,0.887500
Memory 90,40,42,0.823000
Memory 100,40,42,0.850000
Memory 110,40,42,0.708500
Memory 120,40,42,0.674000
Memory 130,40,42,0.693500
Memory 140,40,42,0.672000
Memory 150,40,42,0.538500
Memory 160,40,42,0.618000
Memory 170,40,42,0.592500
Memory 180,40,42,0.577000
Memory 190,40,42,0.541000
Memory 200,40,42,0.545000
Memory 10,40,48,1.000000
Memory 20,40,48,1.000000
Memory 30,40,48,1.000000
Memory 40,40,48,1.000000
Memory 50,40,48,1.000000
Memory 60,40,48,1.000000
Memory 70,40,48,0.957000
Memory 80,40,48,0.875000
Memory 90,40,48,0.845000
Memory 100,40,48,0.800000
Memory 110,40,48,0.745000
Memory 120,40,48,0.647500
Memory 130,40,48,0.746500
Memory 140,40,48,0.664000
Memory 150,40,48,0.532000
Memory 160,40,48,0.663000
Memory 170,40,48,0.572000
Memory 180,40,48,0.560000
Memory 190,40,48,0.524500
Memory 200,40,48,0.535000
Memory 10,40,54,1.000000
Memory 20,40,54,1.000000
Memory 30,40,54,1.000000
Memory 40,40,54,1.000000
Memory 50,40,54,1.000000
Memory 60,40,54,0.983500
Memory 70,40,54,0.914500
Memory 80,40,54,0.837500
Memory 90,40,54,0.734000
Memory 100,40,54,0.830000
Memory 110,40,54,0.655000
Memory 120,40,54,0.739500
Memory 130,40,54,0.691500
Memory 140,40,54,0.656500
Memory 150,40,54,0.685500
Memory 160,40,54,0.630500
Memory 170,40,54,0.581500
Memory 180,40,54,0.592500
Memory 190,40,54,0.562500
Memory 200,40,54,0.535000
Memory 10,40,59,1.000000
Memory 20,40,59,1.000000
Memory 30,40,59,1.000000
Memory 40,40,59,1.000000
Memory 50,40,59,1.000000
Memory 60,40,59,0.966000
Memory 70,40,59,0.870000
Memory 80,40,59,0.862500
Memory 90,40,59,0.811500
Memory 100,40,59,0.880000
Memory 110,40,59,0.681500
Memory 120,40,59,0.765000
Memory 130,40,59,0.708000
Memory 140,40,59,0.685000
Memory 150,40,59,0.585500
Memory 160,40,59,0.612500
Memory 170,40,59,0.569500
Memory 180,40,59,0.542000
Memory 190,40,59,0.564500
Memory 200,40,59,0.530000
Memory 10,40,62,1.000000
Memory 20,40,62,1.000000
Memory 30,40,62,1.000000
Memory 40,40,62,1.000000
Memory 50,40,62,1.000000
Memory 60,40,62,0.966500
Memory 70,40,62,1.000000
Memory 80,40,62,0.937500
Memory 90,40,62,0.812000
Memory 100,40,62,0.780000
Memory 110,40,62,0.737500
Memory 120,40,62,0.623000
Memory 130,40,62,0.699000
Memory 140,40,62,0.663000
Memory 150,40,62,0.667000
Memory 160,40,62,0.617000
Memory 170,40,62,0.616500
Memory 180,40,62,0.559000
Memory 190,40,62,0.595500
Memory 200,40,62,0.565000
Memory 10,50,7,1.000000
Memory 20,50,7,1.000000
Memory 30,50,7,1.000000
Memory 40,50,7,1.000000
Memory 50,50,7,1.000000
Memory 60,50,7,1.000000
Memory 70,50,7,1.000000
Memory 80,50,7,0.925000
Memory 90,50,7,0.900500
Memory 100,50,7,0.900000
Memory 110,50,7,0.700500
Memory 120,50,7,0.800000
Memory 130,50,7,0.783500
Memory 140,50,7,0.721500
Memory 150,50,7,0.663500
Memory 160,50,7,0.650500
Memory 170,50,7,0.617500
Memory 180,50,7,0.636500
Memory 190,50,7,0.611000
Memory 200,50,7,0.545000
Memory 10,50,12,1.000000
Memory 20,50,12,1.000000
Memory 30,50,12,1.000000
Memory 40,50,12,1.000000
Memory 50,50,12,1.000000
Memory 60,50,12,1.000000
Memory 70,50,12,1.000000
Memory 80,50,12,0.987500
Memory 90,50,12,0.933500
Memory 100,50,12,0.860000
Memory 110,50,12,0.855000
Memory 120,50,12,0.792000
Memory 130,50,12,0.783000
Memory 140,50,12,0.692000
Memory 150,50,12,0.650000
Memory 160,50,12,0.674500
Memory 170,50,12,0.624500
Memory 180,50,12,0.655500
Memory 190,50,12,0.589000
Memory 200,50,12,0.615000
Memory 10,50,24,1.000000
Memory 20,50,24,1.000000
Memory 30,50,24,1.000000
Memory 40,50,24,1.000000
Memory 50,50,24,1.000000
Memory 60,50,24,1.000000
Memory 70,50,24,0.985500
Memory 80,50,24,0.912500
Memory 90,50,24,0.856500
Memory 100,50,24,0.910000
Memory 110,50,24,0.836500
Memory 120,50,24,0.725000
Memory 130,50,24,0.721000
Memory 140,50,24,0.763000
Memory 150,50,24,0.746000
Memory 160,50,24,0.700000
Memory 170,50,24,0.646000
Memory 180,50,24,0.616500
Memory 190,50,24,0.611500
Memory 200,50,24,0.615000
Memory 10,50,31,1.000000
Memory 20,50,31,1.000000
Memory 30,50,31,1.000000
Memory 40,50,31,1.000000
Memory 50,50,31,1.000000
Memory 60,50,31,1.000000
Memory 70,50,31,1.000000
Memory 80,50,31,0.950000
Memory 90,50,31,0.911500
Memory 100,50,31,0.860000
Memory 110,50,31,0.853000
Memory 120,50,31,0.782500
Memory 130,50,31,0.808000
Memory 140,50,31,0.763500
Memory 150,50,31,0.658000
Memory 160,50,31,0.725500
Memory 170,50,31,0.660000
Memory 180,50,31,0.644500
Memory 190,50,31,0.594000
Memory 200,50,31,0.605000
Memory 10,50,36,1.000000
Memory 20,50,36,1.000000
Memory 30,50,36,1.000000
Memory 40,50,36,1.000000
Memory 50,50,36,1.000000
Memory 60,50,36,1.000000
Memory 70,50,36,0.985500
Memory 80,50,36,0.975000
Memory 90,50,36,0.879000
Memory 100,50,36,0.900000
Memory 110,50,36,0.790500
Memory 120,50,36,0.808500
Memory 130,50,36,0.768000
Memory 140,50,36,0.714500
Memory 150,50,36,0.671000
Memory 160,50,36,0.682000
Memory 170,50,36,0.690000
Memory 180,50,36,0.609000
Memory 190,50,36,0.576500
Memory 200,50,36,0.630000
Memory 10,50,42,1.000000
Memory 20,50,42,1.000000
Memory 30,50,42,1.000000
Memory 40,50,42,1.000000
Memory 50,50,42,1.000000
Memory 60,50,42,0.983500
Memory 70,50,42,1.000000
Memory 80,50,42,0.962500
Memory 90,50,42,0.888500
Memory 100,50,42,0.870000
Memory 110,50,42,0.809000
Memory 120,50,42,0.780500
Memory 130,50,42,0.861500
Memory 140,50,42,0.799000
Memory 150,50,42,0.678500
Memory 160,50,42,0.717000
Memory 170,50,42,0.605000
Memory 180,50,42,0.627000
Memory 190,50,42,0.583500
Memory 200,50,42,0.615000
Memory 10,50,48,1.000000
Memory 20,50,48,1.000000
Memory 30,50,48,1.000000
Memory 40,50,48,1.000000
Memory 50,50,48,1.000000
Memory 60,50,48,1.000000
Memory 70,50,48,1.000000
Memory 80,50,48,0.900000
Memory 90,50,48,0.966500
Memory 100,50,48,0.890000
Memory 110,50,48,0.791500
Memory 120,50,48,0.725000
Memory 130,50,48,0.798500
Memory 140,50,48,0.728500
Memory 150,50,48,0.612000
Memory 160,50,48,0.693000
Memory 170,50,48,0.654000
Memory 180,50,48,0.643000
Memory 190,50,48,0.593500
Memory 200,50,48,0.615000
Memory 10,50,54,1.000000
Memory 20,50,54,1.000000
Memory 30,50,54,1.000000
Memory 40,50,54,1.000000
Memory 50,50,54,1.000000
Memory 60,50,54,1.000000
Memory 70,50,54,1.000000
Memory 80,50,54,0.950000
Memory 90,50,54,0.900500
Memory 100,50,54,0.900000
Memory 110,50,54,0.781500
Memory 120,50,54,0.840500
Memory 130,50,54,0.754000
Memory 140,50,54,0.786000
Memory 150,50,54,0.672500
Memory 160,50,54,0.661500
Memory 170,50,54,0.658000
Memory 180,50,54,0.705500
Memory 190,50,54,0.622500
Memory 200,50,54,0.650000
Memory 10,50,59,1.000000
Memory 20,50,59,1.000000
Memory 30,50,59,1.000000
Memory 40,50,59,1.000000
Memory 50,50,59,1.000000
Memory 60,50,59,1.000000
Memory 70,50,59,0.957000
Memory 80,50,59,1.000000
Memory 90,50,59,0.900500
Memory 100,50,59,0.900000
Memory 110,50,59,0.809000
Memory 120,50,59,0.749500
Memory 130,50,59,0.794000
Memory 140,50,59,0.715000
Memory 150,50,59,0.673000
Memory 160,50,59,0.656000
Memory 170,50,59,0.668500
Memory 180,50,59,0.631000
Memory 190,50,59,0.608500
Memory 200,50,59,0.615000
Memory 10,50,62,1.000000
Memory 20,50,62,1.000000
Memory 30,50,62,1.000000
Memory 40,50,62,1.000000
Memory 50,50,62,1.000000
Memory 60,50,62,1.000000
Memory 70,50,62,0.985500
Memory 80,50,62,0.925000
Memory 90,50,62,0.855500
Memory 100,50,62,0.840000
Memory 110,50,62,0.828500
Memory 120,50,62,0.773500
Memory 130,50,62,0.715000
Memory 140,50,62,0.727500
Memory 150,50,62,0.631000
Memory 160,50,62,0.659500
Memory 170,50,62,0.607000
Memory 180,50,62,0.593000
Memory 190,50,62,0.608000
Memory 200,50,62,0.580000
