Memory 10,100,156,1.000000
Memory 20,100,156,1.000000
Memory 30,100,156,0.980500
Memory 40,100,156,0.920500
Memory 50,100,156,0.896000
Memory 60,100,156,0.852000
Memory 70,100,156,0.847000
Memory 80,100,156,0.768500
Memory 90,100,156,0.779000
Memory 100,100,156,0.745500
Memory 110,100,156,0.779000
Memory 120,100,156,0.733500
Memory 130,100,156,0.761000
Memory 140,100,156,0.722000
Memory 150,100,156,0.725500
Memory 160,100,156,0.710000
Memory 170,100,156,0.755500
Memory 180,100,156,0.768000
Memory 190,100,156,0.669500
Memory 200,100,156,0.685000
Memory 10,100,156,1.000000
Memory 20,100,156,1.000000
Memory 30,100,156,0.967000
Memory 40,100,156,0.975000
Memory 50,100,156,0.980000
Memory 60,100,156,0.933000
Memory 70,100,156,0.885000
Memory 80,100,156,0.943500
Memory 90,100,156,0.905000
Memory 100,100,156,0.915000
Memory 110,100,156,0.927000
Memory 120,100,156,0.906000
Memory 130,100,156,0.891000
Memory 140,100,156,0.935500
Memory 150,100,156,0.912500
Memory 160,100,156,0.908000
Memory 170,100,156,0.796000
Memory 180,100,156,0.846000
Memory 190,100,156,0.856000
Memory 200,100,156,0.822000
Memory 10,100,156,1.000000
Memory 20,100,156,0.753000
Memory 30,100,156,0.660500
Memory 40,100,156,0.649500
Memory 50,100,156,0.608000
Memory 60,100,156,0.652000
Memory 70,100,156,0.672000
Memory 80,100,156,0.645500
Memory 90,100,156,0.634000
Memory 100,100,156,0.631000
Memory 110,100,156,0.638500
Memory 120,100,156,0.616500
Memory 130,100,156,0.633500
Memory 140,100,156,0.620500
Memory 150,100,156,0.582500
Memory 160,100,156,0.623500
Memory 170,100,156,0.594500
Memory 180,100,156,0.653000
Memory 190,100,156,0.607000
Memory 200,100,156,0.616000
Memory 10,100,363,1.000000
Memory 20,100,363,1.000000
Memory 30,100,363,0.973000
Memory 40,100,363,0.915500
Memory 50,100,363,0.884000
Memory 60,100,363,0.883000
Memory 70,100,363,0.826000
Memory 80,100,363,0.778500
Memory 90,100,363,0.794000
Memory 100,100,363,0.732500
Memory 110,100,363,0.790500
Memory 120,100,363,0.719000
Memory 130,100,363,0.752000
Memory 140,100,363,0.716500
Memory 150,100,363,0.738500
Memory 160,100,363,0.709500
Memory 170,100,363,0.767000
Memory 180,100,363,0.766500
Memory 190,100,363,0.656500
Memory 200,100,363,0.694000
Memory 10,100,363,1.000000
Memory 20,100,363,1.000000
Memory 30,100,363,0.967000
Memory 40,100,363,0.975000
Memory 50,100,363,0.980000
Memory 60,100,363,0.925500
Memory 70,100,363,0.878000
Memory 80,100,363,0.943500
Memory 90,100,363,0.889500
Memory 100,100,363,0.920000
Memory 110,100,363,0.922500
Memory 120,100,363,0.906500
Memory 130,100,363,0.893000
Memory 140,100,363,0.932000
Memory 150,100,363,0.908000
Memory 160,100,363,0.910500
Memory 170,100,363,0.784500
Memory 180,100,363,0.826500
Memory 190,100,363,0.838000
Memory 200,100,363,0.709000
Memory 10,100,363,1.000000
Memory 20,100,363,0.720500
Memory 30,100,363,0.673500
Memory 40,100,363,0.656500
Memory 50,100,363,0.634000
Memory 60,100,363,0.632500
Memory 70,100,363,0.646500
Memory 80,100,363,0.633000
Memory 90,100,363,0.632500
Memory 100,100,363,0.644500
Memory 110,100,363,0.656000
Memory 120,100,363,0.624500
Memory 130,100,363,0.656000
Memory 140,100,363,0.610000
Memory 150,100,363,0.577500
Memory 160,100,363,0.617000
Memory 170,100,363,0.593000
Memory 180,100,363,0.660500
Memory 190,100,363,0.635000
Memory 200,100,363,0.602000
Memory 10,100,227,1.000000
Memory 20,100,227,1.000000
Memory 30,100,227,0.967000
Memory 40,100,227,0.915500
Memory 50,100,227,0.904000
Memory 60,100,227,0.865500
Memory 70,100,227,0.818500
Memory 80,100,227,0.783500
Memory 90,100,227,0.788000
Memory 100,100,227,0.746000
Memory 110,100,227,0.784000
Memory 120,100,227,0.717000
Memory 130,100,227,0.751000
Memory 140,100,227,0.698000
Memory 150,100,227,0.733000
Memory 160,100,227,0.696500
Memory 170,100,227,0.778000
Memory 180,100,227,0.764000
Memory 190,100,227,0.666500
Memory 200,100,227,0.671500
Memory 10,100,227,1.000000
Memory 20,100,227,1.000000
Memory 30,100,227,0.967000
Memory 40,100,227,0.987500
Memory 50,100,227,0.980000
Memory 60,100,227,0.918000
Memory 70,100,227,0.899000
Memory 80,100,227,0.950000
Memory 90,100,227,0.905500
Memory 100,100,227,0.915000
Memory 110,100,227,0.913000
Memory 120,100,227,0.909500
Memory 130,100,227,0.884500
Memory 140,100,227,0.933500
Memory 150,100,227,0.913000
Memory 160,100,227,0.911500
Memory 170,100,227,0.788000
Memory 180,100,227,0.835500
Memory 190,100,227,0.815000
Memory 200,100,227,0.808000
Memory 10,100,227,1.000000
Memory 20,100,227,0.732000
Memory 30,100,227,0.674000
Memory 40,100,227,0.642000
Memory 50,100,227,0.629000
Memory 60,100,227,0.643500
Memory 70,100,227,0.646500
Memory 80,100,227,0.642000
Memory 90,100,227,0.634500
Memory 100,100,227,0.633000
Memory 110,100,227,0.638500
Memory 120,100,227,0.627000
Memory 130,100,227,0.645000
Memory 140,100,227,0.648500
Memory 150,100,227,0.578000
Memory 160,100,227,0.655500
Memory 170,100,227,0.599000
Memory 180,100,227,0.661500
Memory 190,100,227,0.635000
Memory 200,100,227,0.574500
Memory 10,100,763,1.000000
Memory 20,100,763,1.000000
Memory 30,100,763,0.960000
Memory 40,100,763,0.920500
Memory 50,100,763,0.896000
Memory 60,100,763,0.888500
Memory 70,100,763,0.831500
Memory 80,100,763,0.778500
Memory 90,100,763,0.800500
Memory 100,100,763,0.753500
Memory 110,100,763,0.770000
Memory 120,100,763,0.726500
Memory 130,100,763,0.742500
Memory 140,100,763,0.705000
Memory 150,100,763,0.745500
Memory 160,100,763,0.706000
Memory 170,100,763,0.762500
Memory 180,100,763,0.772500
Memory 190,100,763,0.658500
Memory 200,100,763,0.698500
Memory 10,100,763,1.000000
Memory 20,100,763,1.000000
Memory 30,100,763,0.967000
Memory 40,100,763,0.975000
Memory 50,100,763,0.980000
Memory 60,100,763,0.925500
Memory 70,100,763,0.885000
Memory 80,100,763,0.943500
Memory 90,100,763,0.877000
Memory 100,100,763,0.915000
Memory 110,100,763,0.931500
Memory 120,100,763,0.894000
Memory 130,100,763,0.895500
Memory 140,100,763,0.934500
Memory 150,100,763,0.911500
Memory 160,100,763,0.908500
Memory 170,100,763,0.766000
Memory 180,100,763,0.817500
Memory 190,100,763,0.828000
Memory 200,100,763,0.814000
Memory 10,100,763,1.000000
Memory 20,100,763,0.750000
Memory 30,100,763,0.663500
Memory 40,100,763,0.645000
Memory 50,100,763,0.595000
Memory 60,100,763,0.642000
Memory 70,100,763,0.652500
Memory 80,100,763,0.624500
Memory 90,100,763,0.623000
Memory 100,100,763,0.636500
Memory 110,100,763,0.635500
Memory 120,100,763,0.618000
Memory 130,100,763,0.638000
Memory 140,100,763,0.639000
Memory 150,100,763,0.584500
Memory 160,100,763,0.642000
Memory 170,100,763,0.588500
Memory 180,100,763,0.650000
Memory 190,100,763,0.610500
Memory 200,100,763,0.587000
Memory 10,100,250,1.000000
Memory 20,100,250,1.000000
Memory 30,100,250,0.953500
Memory 40,100,250,0.930500
Memory 50,100,250,0.896000
Memory 60,100,250,0.872000
Memory 70,100,250,0.823500
Memory 80,100,250,0.796500
Memory 90,100,250,0.806500
Memory 100,100,250,0.767000
Memory 110,100,250,0.783500
Memory 120,100,250,0.718500
Memory 130,100,250,0.732500
Memory 140,100,250,0.698500
Memory 150,100,250,0.751000
Memory 160,100,250,0.711500
Memory 170,100,250,0.759500
Memory 180,100,250,0.765000
Memory 190,100,250,0.669000
Memory 200,100,250,0.694000
Memory 10,100,250,1.000000
Memory 20,100,250,1.000000
Memory 30,100,250,0.967000
Memory 40,100,250,0.975000
Memory 50,100,250,0.980000
Memory 60,100,250,0.925500
Memory 70,100,250,0.871000
Memory 80,100,250,0.944000
Memory 90,100,250,0.888000
Memory 100,100,250,0.900000
Memory 110,100,250,0.927000
Memory 120,100,250,0.906000
Memory 130,100,250,0.890500
Memory 140,100,250,0.936500
Memory 150,100,250,0.906500
Memory 160,100,250,0.910000
Memory 170,100,250,0.794000
Memory 180,100,250,0.824500
Memory 190,100,250,0.846500
Memory 200,100,250,0.685500
Memory 10,100,250,1.000000
Memory 20,100,250,0.731500
Memory 30,100,250,0.684000
Memory 40,100,250,0.653000
Memory 50,100,250,0.628500
Memory 60,100,250,0.637000
Memory 70,100,250,0.652500
Memory 80,100,250,0.640000
Memory 90,100,250,0.640000
Memory 100,100,250,0.637000
Memory 110,100,250,0.638500
Memory 120,100,250,0.634500
Memory 130,100,250,0.640000
Memory 140,100,250,0.620000
Memory 150,100,250,0.585000
Memory 160,100,250,0.644000
Memory 170,100,250,0.575000
Memory 180,100,250,0.653500
Memory 190,100,250,0.626000
Memory 200,100,250,0.584500
Memory 10,100,987,1.000000
Memory 20,100,987,1.000000
Memory 30,100,987,0.967000
Memory 40,100,987,0.930500
Memory 50,100,987,0.880000
Memory 60,100,987,0.858000
Memory 70,100,987,0.851500
Memory 80,100,987,0.786000
Memory 90,100,987,0.776500
Memory 100,100,987,0.763000
Memory 110,100,987,0.761500
Memory 120,100,987,0.742000
Memory 130,100,987,0.750000
Memory 140,100,987,0.713000
Memory 150,100,987,0.736000
Memory 160,100,987,0.717500
Memory 170,100,987,0.747000
Memory 180,100,987,0.750500
Memory 190,100,987,0.669000
Memory 200,100,987,0.695500
Memory 10,100,987,1.000000
Memory 20,100,987,1.000000
Memory 30,100,987,0.967000
Memory 40,100,987,0.975000
Memory 50,100,987,0.980000
Memory 60,100,987,0.916500
Memory 70,100,987,0.892000
Memory 80,100,987,0.944000
Memory 90,100,987,0.882500
Memory 100,100,987,0.910000
Memory 110,100,987,0.936000
Memory 120,100,987,0.906000
Memory 130,100,987,0.898500
Memory 140,100,987,0.940500
Memory 150,100,987,0.907000
Memory 160,100,987,0.901000
Memory 170,100,987,0.796000
Memory 180,100,987,0.824500
Memory 190,100,987,0.833000
Memory 200,100,987,0.814000
Memory 10,100,987,1.000000
Memory 20,100,987,0.739000
Memory 30,100,987,0.673500
Memory 40,100,987,0.662000
Memory 50,100,987,0.627500
Memory 60,100,987,0.633000
Memory 70,100,987,0.651500
Memory 80,100,987,0.649500
Memory 90,100,987,0.616000
Memory 100,100,987,0.633500
Memory 110,100,987,0.631000
Memory 120,100,987,0.633000
Memory 130,100,987,0.637000
Memory 140,100,987,0.618500
Memory 150,100,987,0.589000
Memory 160,100,987,0.623000
Memory 170,100,987,0.600500
Memory 180,100,987,0.661500
Memory 190,100,987,0.637000
Memory 200,100,987,0.606000
Memory 10,100,719,1.000000
Memory 20,100,719,1.000000
Memory 30,100,719,0.973000
Memory 40,100,719,0.905500
Memory 50,100,719,0.869000
Memory 60,100,719,0.886500
Memory 70,100,719,0.824000
Memory 80,100,719,0.791000
Memory 90,100,719,0.799500
Memory 100,100,719,0.745500
Memory 110,100,719,0.775000
Memory 120,100,719,0.741500
Memory 130,100,719,0.751000
Memory 140,100,719,0.700000
Memory 150,100,719,0.731000
Memory 160,100,719,0.709500
Memory 170,100,719,0.754000
Memory 180,100,719,0.766500
Memory 190,100,719,0.666000
Memory 200,100,719,0.683500
Memory 10,100,719,1.000000
Memory 20,100,719,1.000000
Memory 30,100,719,0.967000
Memory 40,100,719,0.975000
Memory 50,100,719,0.980000
Memory 60,100,719,0.892500
Memory 70,100,719,0.871000
Memory 80,100,719,0.937500
Memory 90,100,719,0.871500
Memory 100,100,719,0.920000
Memory 110,100,719,0.927000
Memory 120,100,719,0.910500
Memory 130,100,719,0.890000
Memory 140,100,719,0.936000
Memory 150,100,719,0.911500
Memory 160,100,719,0.909000
Memory 170,100,719,0.769500
Memory 180,100,719,0.838000
Memory 190,100,719,0.841000
Memory 200,100,719,0.662000
Memory 10,100,719,1.000000
Memory 20,100,719,0.728500
Memory 30,100,719,0.678500
Memory 40,100,719,0.670500
Memory 50,100,719,0.605000
Memory 60,100,719,0.640000
Memory 70,100,719,0.673000
Memory 80,100,719,0.663000
Memory 90,100,719,0.644000
Memory 100,100,719,0.651000
Memory 110,100,719,0.661500
Memory 120,100,719,0.629000
Memory 130,100,719,0.636000
Memory 140,100,719,0.646000
Memory 150,100,719,0.580500
Memory 160,100,719,0.624000
Memory 170,100,719,0.587000
Memory 180,100,719,0.672000
Memory 190,100,719,0.628500
Memory 200,100,719,0.622500
Memory 10,100,196,1.000000
Memory 20,100,196,1.000000
Memory 30,100,196,0.973500
Memory 40,100,196,0.910500
Memory 50,100,196,0.908000
Memory 60,100,196,0.876500
Memory 70,100,196,0.835000
Memory 80,100,196,0.786500
Memory 90,100,196,0.782500
Memory 100,100,196,0.729500
Memory 110,100,196,0.773000
Memory 120,100,196,0.736500
Memory 130,100,196,0.737000
Memory 140,100,196,0.714500
Memory 150,100,196,0.728000
Memory 160,100,196,0.713500
Memory 170,100,196,0.755000
Memory 180,100,196,0.764000
Memory 190,100,196,0.658500
Memory 200,100,196,0.678000
Memory 10,100,196,1.000000
Memory 20,100,196,1.000000
Memory 30,100,196,0.967000
Memory 40,100,196,0.975000
Memory 50,100,196,0.980000
Memory 60,100,196,0.909000
Memory 70,100,196,0.892000
Memory 80,100,196,0.937500
Memory 90,100,196,0.883000
Memory 100,100,196,0.905000
Memory 110,100,196,0.927000
Memory 120,100,196,0.898000
Memory 130,100,196,0.894000
Memory 140,100,196,0.935500
Memory 150,100,196,0.912500
Memory 160,100,196,0.912000
Memory 170,100,196,0.859000
Memory 180,100,196,0.834000
Memory 190,100,196,0.846500
Memory 200,100,196,0.808000
Memory 10,100,196,1.000000
Memory 20,100,196,0.718500
Memory 30,100,196,0.684000
Memory 40,100,196,0.648500
Memory 50,100,196,0.648500
Memory 60,100,196,0.649000
Memory 70,100,196,0.663000
Memory 80,100,196,0.646500
Memory 90,100,196,0.631000
Memory 100,100,196,0.632500
Memory 110,100,196,0.643500
Memory 120,100,196,0.620000
Memory 130,100,196,0.639000
Memory 140,100,196,0.640500
Memory 150,100,196,0.583500
Memory 160,100,196,0.639000
Memory 170,100,196,0.598000
Memory 180,100,196,0.662000
Memory 190,100,196,0.637000
Memory 200,100,196,0.617500
Memory 10,100,511,1.000000
Memory 20,100,511,1.000000
Memory 30,100,511,0.967000
Memory 40,100,511,0.920500
Memory 50,100,511,0.868000
Memory 60,100,511,0.859000
Memory 70,100,511,0.847500
Memory 80,100,511,0.776500
Memory 90,100,511,0.789500
Memory 100,100,511,0.750000
Memory 110,100,511,0.755000
Memory 120,100,511,0.723000
Memory 130,100,511,0.744500
Memory 140,100,511,0.704000
Memory 150,100,511,0.726000
Memory 160,100,511,0.724500
Memory 170,100,511,0.759500
Memory 180,100,511,0.773000
Memory 190,100,511,0.655000
Memory 200,100,511,0.686500
Memory 10,100,511,1.000000
Memory 20,100,511,1.000000
Memory 30,100,511,0.967000
Memory 40,100,511,0.975000
Memory 50,100,511,0.980000
Memory 60,100,511,0.933500
Memory 70,100,511,0.892000
Memory 80,100,511,0.943500
Memory 90,100,511,0.899000
Memory 100,100,511,0.930000
Memory 110,100,511,0.927000
Memory 120,100,511,0.898000
Memory 130,100,511,0.888000
Memory 140,100,511,0.938500
Memory 150,100,511,0.912500
Memory 160,100,511,0.903500
Memory 170,100,511,0.858000
Memory 180,100,511,0.830000
Memory 190,100,511,0.844500
Memory 200,100,511,0.704500
Memory 10,100,511,1.000000
Memory 20,100,511,0.746500
Memory 30,100,511,0.677500
Memory 40,100,511,0.653000
Memory 50,100,511,0.628500
Memory 60,100,511,0.640000
Memory 70,100,511,0.652500
Memory 80,100,511,0.643500
Memory 90,100,511,0.622000
Memory 100,100,511,0.640000
Memory 110,100,511,0.647000
Memory 120,100,511,0.622500
Memory 130,100,511,0.640500
Memory 140,100,511,0.628000
Memory 150,100,511,0.577500
Memory 160,100,511,0.640000
Memory 170,100,511,0.585000
Memory 180,100,511,0.651500
Memory 190,100,511,0.637000
Memory 200,100,511,0.604000
Memory 10,100,29,1.000000
Memory 20,100,29,1.000000
Memory 30,100,29,0.966500
Memory 40,100,29,0.920500
Memory 50,100,29,0.896000
Memory 60,100,29,0.852000
Memory 70,100,29,0.838500
Memory 80,100,29,0.803500
Memory 90,100,29,0.785000
Memory 100,100,29,0.743500
Memory 110,100,29,0.762500
Memory 120,100,29,0.705000
Memory 130,100,29,0.739000
Memory 140,100,29,0.686500
Memory 150,100,29,0.736000
Memory 160,100,29,0.707000
Memory 170,100,29,0.773500
Memory 180,100,29,0.768500
Memory 190,100,29,0.667500
Memory 200,100,29,0.679000
Memory 10,100,29,1.000000
Memory 20,100,29,1.000000
Memory 30,100,29,0.967000
Memory 40,100,29,0.975000
Memory 50,100,29,0.980000
Memory 60,100,29,0.900500
Memory 70,100,29,0.878000
Memory 80,100,29,0.937500
Memory 90,100,29,0.893500
Memory 100,100,29,0.910000
Memory 110,100,29,0.927000
Memory 120,100,29,0.902000
Memory 130,100,29,0.898000
Memory 140,100,29,0.935500
Memory 150,100,29,0.908000
Memory 160,100,29,0.910000
Memory 170,100,29,0.832500
Memory 180,100,29,0.830000
Memory 190,100,29,0.843000
Memory 200,100,29,0.831500
Memory 10,100,29,1.000000
Memory 20,100,29,0.717000
Memory 30,100,29,0.667500
Memory 40,100,29,0.649000
Memory 50,100,29,0.618500
Memory 60,100,29,0.648500
Memory 70,100,29,0.660000
Memory 80,100,29,0.654500
Memory 90,100,29,0.637000
Memory 100,100,29,0.638500
Memory 110,100,29,0.635000
Memory 120,100,29,0.623000
Memory 130,100,29,0.631000
Memory 140,100,29,0.625500
Memory 150,100,29,0.579500
Memory 160,100,29,0.636000
Memory 170,100,29,0.576000
Memory 180,100,29,0.650500
Memory 190,100,29,0.630500
Memory 200,100,29,0.604500
Memory 10,200,598,1.000000
Memory 20,200,598,1.000000
Memory 30,200,598,1.000000
Memory 40,200,598,1.000000
Memory 50,200,598,0.996000
Memory 60,200,598,0.953000
Memory 70,200,598,0.909500
Memory 80,200,598,0.855500
Memory 90,200,598,0.840500
Memory 100,200,598,0.795500
Memory 110,200,598,0.822500
Memory 120,200,598,0.763000
Memory 130,200,598,0.776000
Memory 140,200,598,0.713000
Memory 150,200,598,0.762000
Memory 160,200,598,0.732500
Memory 170,200,598,0.786500
Memory 180,200,598,0.780500
Memory 190,200,598,0.656500
Memory 200,200,598,0.683000
Memory 10,200,598,1.000000
Memory 20,200,598,1.000000
Memory 30,200,598,0.967000
Memory 40,200,598,1.000000
Memory 50,200,598,0.980000
Memory 60,200,598,1.000000
Memory 70,200,598,0.978500
Memory 80,200,598,0.956000
Memory 90,200,598,0.945000
Memory 100,200,598,0.900000
Memory 110,200,598,0.936000
Memory 120,200,598,0.915000
Memory 130,200,598,0.888000
Memory 140,200,598,0.930500
Memory 150,200,598,0.902000
Memory 160,200,598,0.919000
Memory 170,200,598,0.784500
Memory 180,200,598,0.827000
Memory 190,200,598,0.836500
Memory 200,200,598,0.789500
Memory 10,200,598,1.000000
Memory 20,200,598,0.801000
Memory 30,200,598,0.656500
Memory 40,200,598,0.650000
Memory 50,200,598,0.596500
Memory 60,200,598,0.637000
Memory 70,200,598,0.657000
Memory 80,200,598,0.643000
Memory 90,200,598,0.618500
Memory 100,200,598,0.629000
Memory 110,200,598,0.627500
Memory 120,200,598,0.602500
Memory 130,200,598,0.629500
Memory 140,200,598,0.611000
Memory 150,200,598,0.554500
Memory 160,200,598,0.633500
Memory 170,200,598,0.571500
Memory 180,200,598,0.633500
Memory 190,200,598,0.616000
Memory 200,200,598,0.563500
Memory 10,200,321,1.000000
Memory 20,200,321,1.000000
Memory 30,200,321,1.000000
Memory 40,200,321,0.995000
Memory 50,200,321,0.992000
Memory 60,200,321,0.962500
Memory 70,200,321,0.920000
Memory 80,200,321,0.860500
Memory 90,200,321,0.840500
Memory 100,200,321,0.793500
Memory 110,200,321,0.818000
Memory 120,200,321,0.753000
Memory 130,200,321,0.778500
Memory 140,200,321,0.729500
Memory 150,200,321,0.750500
Memory 160,200,321,0.728000
Memory 170,200,321,0.789000
Memory 180,200,321,0.776500
Memory 190,200,321,0.643000
Memory 200,200,321,0.686500
Memory 10,200,321,1.000000
Memory 20,200,321,1.000000
Memory 30,200,321,0.967000
Memory 40,200,321,0.987500
Memory 50,200,321,0.980000
Memory 60,200,321,0.984000
Memory 70,200,321,0.964000
Memory 80,200,321,0.962500
Memory 90,200,321,0.945000
Memory 100,200,321,0.905000
Memory 110,200,321,0.931500
Memory 120,200,321,0.903000
Memory 130,200,321,0.896000
Memory 140,200,321,0.934500
Memory 150,200,321,0.907000
Memory 160,200,321,0.904500
Memory 170,200,321,0.794500
Memory 180,200,321,0.825500
Memory 190,200,321,0.848500
Memory 200,200,321,0.818000
Memory 10,200,321,1.000000
Memory 20,200,321,0.766500
Memory 30,200,321,0.682000
Memory 40,200,321,0.628500
Memory 50,200,321,0.612500
Memory 60,200,321,0.645500
Memory 70,200,321,0.661000
Memory 80,200,321,0.625000
Memory 90,200,321,0.647000
Memory 100,200,321,0.652000
Memory 110,200,321,0.632500
Memory 120,200,321,0.576000
Memory 130,200,321,0.636000
Memory 140,200,321,0.627500
Memory 150,200,321,0.568500
Memory 160,200,321,0.656000
Memory 170,200,321,0.582500
Memory 180,200,321,0.658000
Memory 190,200,321,0.623000
Memory 200,200,321,0.594000
Memory 10,200,637,1.000000
Memory 20,200,637,1.000000
Memory 30,200,637,1.000000
Memory 40,200,637,1.000000
Memory 50,200,637,0.988000
Memory 60,200,637,0.969500
Memory 70,200,637,0.922000
Memory 80,200,637,0.858000
Memory 90,200,637,0.844000
Memory 100,200,637,0.799500
Memory 110,200,637,0.811500
Memory 120,200,637,0.757500
Memory 130,200,637,0.782500
Memory 140,200,637,0.756000
Memory 150,200,637,0.765000
Memory 160,200,637,0.723000
Memory 170,200,637,0.798500
Memory 180,200,637,0.787000
Memory 190,200,637,0.649000
Memory 200,200,637,0.695500
Memory 10,200,637,1.000000
Memory 20,200,637,1.000000
Memory 30,200,637,0.967000
Memory 40,200,637,1.000000
Memory 50,200,637,0.980000
Memory 60,200,637,1.000000
Memory 70,200,637,0.979000
Memory 80,200,637,0.968500
Memory 90,200,637,0.961500
Memory 100,200,637,0.925000
Memory 110,200,637,0.931500
Memory 120,200,637,0.922500
Memory 130,200,637,0.879500
Memory 140,200,637,0.934500
Memory 150,200,637,0.906500
Memory 160,200,637,0.912000
Memory 170,200,637,0.851000
Memory 180,200,637,0.830000
Memory 190,200,637,0.832000
Memory 200,200,637,0.816500
Memory 10,200,637,1.000000
Memory 20,200,637,0.773000
Memory 30,200,637,0.666000
Memory 40,200,637,0.638000
Memory 50,200,637,0.621000
Memory 60,200,637,0.653500
Memory 70,200,637,0.645000
Memory 80,200,637,0.633000
Memory 90,200,637,0.630500
Memory 100,200,637,0.640000
Memory 110,200,637,0.634000
Memory 120,200,637,0.600500
Memory 130,200,637,0.620500
Memory 140,200,637,0.609000
Memory 150,200,637,0.566000
Memory 160,200,637,0.638500
Memory 170,200,637,0.574500
Memory 180,200,637,0.639500
Memory 190,200,637,0.619500
Memory 200,200,637,0.576500
Memory 10,200,884,1.000000
Memory 20,200,884,1.000000
Memory 30,200,884,1.000000
Memory 40,200,884,1.000000
Memory 50,200,884,0.996000
Memory 60,200,884,0.955500
Memory 70,200,884,0.917000
Memory 80,200,884,0.852500
Memory 90,200,884,0.840500
Memory 100,200,884,0.797500
Memory 110,200,884,0.817000
Memory 120,200,884,0.754000
Memory 130,200,884,0.762000
Memory 140,200,884,0.734000
Memory 150,200,884,0.755000
Memory 160,200,884,0.726000
Memory 170,200,884,0.786000
Memory 180,200,884,0.782000
Memory 190,200,884,0.660000
Memory 200,200,884,0.684500
Memory 10,200,884,1.000000
Memory 20,200,884,1.000000
Memory 30,200,884,0.967000
Memory 40,200,884,0.987500
Memory 50,200,884,0.980000
Memory 60,200,884,1.000000
Memory 70,200,884,0.964500
Memory 80,200,884,0.956000
Memory 90,200,884,0.945000
Memory 100,200,884,0.900000
Memory 110,200,884,0.936000
Memory 120,200,884,0.903500
Memory 130,200,884,0.895000
Memory 140,200,884,0.931000
Memory 150,200,884,0.900500
Memory 160,200,884,0.915500
Memory 170,200,884,0.791500
Memory 180,200,884,0.820000
Memory 190,200,884,0.841500
Memory 200,200,884,0.677500
Memory 10,200,884,1.000000
Memory 20,200,884,0.766000
Memory 30,200,884,0.662500
Memory 40,200,884,0.636500
Memory 50,200,884,0.583500
Memory 60,200,884,0.650000
Memory 70,200,884,0.649000
Memory 80,200,884,0.646500
Memory 90,200,884,0.623500
Memory 100,200,884,0.636500
Memory 110,200,884,0.622000
Memory 120,200,884,0.600000
Memory 130,200,884,0.632000
Memory 140,200,884,0.631500
Memory 150,200,884,0.580000
Memory 160,200,884,0.640000
Memory 170,200,884,0.585500
Memory 180,200,884,0.634000
Memory 190,200,884,0.609000
Memory 200,200,884,0.587000
Memory 10,200,55,1.000000
Memory 20,200,55,1.000000
Memory 30,200,55,1.000000
Memory 40,200,55,1.000000
Memory 50,200,55,0.992000
Memory 60,200,55,0.949000
Memory 70,200,55,0.921500
Memory 80,200,55,0.840000
Memory 90,200,55,0.845000
Memory 100,200,55,0.783500
Memory 110,200,55,0.821000
Memory 120,200,55,0.724000
Memory 130,200,55,0.786000
Memory 140,200,55,0.722000
Memory 150,200,55,0.766000
Memory 160,200,55,0.724000
Memory 170,200,55,0.775000
Memory 180,200,55,0.775000
Memory 190,200,55,0.642500
Memory 200,200,55,0.693000
Memory 10,200,55,1.000000
Memory 20,200,55,1.000000
Memory 30,200,55,0.967000
Memory 40,200,55,1.000000
Memory 50,200,55,0.980000
Memory 60,200,55,1.000000
Memory 70,200,55,0.971500
Memory 80,200,55,0.962500
Memory 90,200,55,0.950500
Memory 100,200,55,0.895000
Memory 110,200,55,0.931500
Memory 120,200,55,0.919500
Memory 130,200,55,0.891000
Memory 140,200,55,0.934500
Memory 150,200,55,0.907000
Memory 160,200,55,0.890500
Memory 170,200,55,0.783500
Memory 180,200,55,0.813000
Memory 190,200,55,0.847000
Memory 200,200,55,0.835500
Memory 10,200,55,1.000000
Memory 20,200,55,0.780500
Memory 30,200,55,0.651000
Memory 40,200,55,0.634500
Memory 50,200,55,0.601000
Memory 60,200,55,0.654000
Memory 70,200,55,0.669500
Memory 80,200,55,0.643500
Memory 90,200,55,0.633500
Memory 100,200,55,0.638000
Memory 110,200,55,0.636000
Memory 120,200,55,0.605500
Memory 130,200,55,0.627500
Memory 140,200,55,0.629500
Memory 150,200,55,0.568500
Memory 160,200,55,0.643500
Memory 170,200,55,0.573500
Memory 180,200,55,0.658500
Memory 190,200,55,0.620500
Memory 200,200,55,0.590500
Memory 10,200,345,1.000000
Memory 20,200,345,1.000000
Memory 30,200,345,1.000000
Memory 40,200,345,1.000000
Memory 50,200,345,0.996000
Memory 60,200,345,0.956000
Memory 70,200,345,0.931000
Memory 80,200,345,0.841500
Memory 90,200,345,0.833000
Memory 100,200,345,0.791500
Memory 110,200,345,0.817500
Memory 120,200,345,0.753000
Memory 130,200,345,0.796000
Memory 140,200,345,0.762000
Memory 150,200,345,0.752500
Memory 160,200,345,0.721000
Memory 170,200,345,0.788000
Memory 180,200,345,0.783000
Memory 190,200,345,0.654500
Memory 200,200,345,0.677500
Memory 10,200,345,1.000000
Memory 20,200,345,1.000000
Memory 30,200,345,0.967000
Memory 40,200,345,1.000000
Memory 50,200,345,0.980000
Memory 60,200,345,1.000000
Memory 70,200,345,0.993000
Memory 80,200,345,0.956500
Memory 90,200,345,0.950500
Memory 100,200,345,0.920000
Memory 110,200,345,0.936000
Memory 120,200,345,0.902000
Memory 130,200,345,0.886000
Memory 140,200,345,0.930000
Memory 150,200,345,0.906000
Memory 160,200,345,0.914000
Memory 170,200,345,0.798500
Memory 180,200,345,0.834000
Memory 190,200,345,0.852000
Memory 200,200,345,0.697000
Memory 10,200,345,1.000000
Memory 20,200,345,0.759000
Memory 30,200,345,0.676500
Memory 40,200,345,0.642500
Memory 50,200,345,0.603500
Memory 60,200,345,0.647500
Memory 70,200,345,0.641500
Memory 80,200,345,0.618500
Memory 90,200,345,0.639000
Memory 100,200,345,0.647000
Memory 110,200,345,0.634500
Memory 120,200,345,0.596500
Memory 130,200,345,0.621000
Memory 140,200,345,0.608500
Memory 150,200,345,0.566500
Memory 160,200,345,0.638000
Memory 170,200,345,0.568000
Memory 180,200,345,0.638000
Memory 190,200,345,0.638000
Memory 200,200,345,0.578500
Memory 10,200,600,1.000000
Memory 20,200,600,1.000000
Memory 30,200,600,1.000000
Memory 40,200,600,1.000000
Memory 50,200,600,0.996000
Memory 60,200,600,0.968500
Memory 70,200,600,0.909500
Memory 80,200,600,0.853000
Memory 90,200,600,0.848000
Memory 100,200,600,0.793500
Memory 110,200,600,0.834000
Memory 120,200,600,0.756500
Memory 130,200,600,0.784000
Memory 140,200,600,0.742500
Memory 150,200,600,0.748000
Memory 160,200,600,0.735000
Memory 170,200,600,0.796000
Memory 180,200,600,0.783500
Memory 190,200,600,0.631000
Memory 200,200,600,0.689000
Memory 10,200,600,1.000000
Memory 20,200,600,1.000000
Memory 30,200,600,0.967000
Memory 40,200,600,1.000000
Memory 50,200,600,0.980000
Memory 60,200,600,0.991500
Memory 70,200,600,0.978500
Memory 80,200,600,0.956500
Memory 90,200,600,0.956000
Memory 100,200,600,0.900000
Memory 110,200,600,0.927000
Memory 120,200,600,0.915000
Memory 130,200,600,0.899500
Memory 140,200,600,0.930500
Memory 150,200,600,0.910500
Memory 160,200,600,0.905000
Memory 170,200,600,0.851000
Memory 180,200,600,0.820000
Memory 190,200,600,0.841500
Memory 200,200,600,0.673000
Memory 10,200,600,1.000000
Memory 20,200,600,0.802000
Memory 30,200,600,0.661500
Memory 40,200,600,0.641500
Memory 50,200,600,0.610500
Memory 60,200,600,0.644000
Memory 70,200,600,0.648500
Memory 80,200,600,0.633000
Memory 90,200,600,0.634000
Memory 100,200,600,0.647500
Memory 110,200,600,0.642500
Memory 120,200,600,0.614000
Memory 130,200,600,0.623000
Memory 140,200,600,0.614500
Memory 150,200,600,0.569000
Memory 160,200,600,0.655500
Memory 170,200,600,0.576500
Memory 180,200,600,0.647000
Memory 190,200,600,0.626500
Memory 200,200,600,0.568500
Memory 10,200,933,1.000000
Memory 20,200,933,1.000000
Memory 30,200,933,1.000000
Memory 40,200,933,1.000000
Memory 50,200,933,0.984000
Memory 60,200,933,0.966000
Memory 70,200,933,0.902000
Memory 80,200,933,0.840000
Memory 90,200,933,0.856500
Memory 100,200,933,0.792500
Memory 110,200,933,0.829500
Memory 120,200,933,0.754500
Memory 130,200,933,0.788000
Memory 140,200,933,0.740500
Memory 150,200,933,0.752500
Memory 160,200,933,0.724000
Memory 170,200,933,0.801000
Memory 180,200,933,0.781000
Memory 190,200,933,0.653000
Memory 200,200,933,0.682000
Memory 10,200,933,1.000000
Memory 20,200,933,1.000000
Memory 30,200,933,0.967000
Memory 40,200,933,1.000000
Memory 50,200,933,0.980000
Memory 60,200,933,1.000000
Memory 70,200,933,0.971500
Memory 80,200,933,0.956500
Memory 90,200,933,0.950500
Memory 100,200,933,0.915000
Memory 110,200,933,0.931500
Memory 120,200,933,0.906000
Memory 130,200,933,0.879000
Memory 140,200,933,0.927500
Memory 150,200,933,0.905500
Memory 160,200,933,0.912000
Memory 170,200,933,0.787500
Memory 180,200,933,0.822000
Memory 190,200,933,0.851000
Memory 200,200,933,0.676000
Memory 10,200,933,1.000000
Memory 20,200,933,0.783500
Memory 30,200,933,0.655500
Memory 40,200,933,0.650500
Memory 50,200,933,0.621000
Memory 60,200,933,0.647500
Memory 70,200,933,0.656000
Memory 80,200,933,0.631000
Memory 90,200,933,0.629500
Memory 100,200,933,0.644500
Memory 110,200,933,0.649000
Memory 120,200,933,0.598000
Memory 130,200,933,0.622500
Memory 140,200,933,0.606500
Memory 150,200,933,0.541500
Memory 160,200,933,0.635000
Memory 170,200,933,0.575500
Memory 180,200,933,0.651500
Memory 190,200,933,0.614000
Memory 200,200,933,0.566000
Memory 10,200,910,1.000000
Memory 20,200,910,1.000000
Memory 30,200,910,1.000000
Memory 40,200,910,1.000000
Memory 50,200,910,0.992000
Memory 60,200,910,0.956000
Memory 70,200,910,0.906500
Memory 80,200,910,0.850500
Memory 90,200,910,0.845000
Memory 100,200,910,0.800000
Memory 110,200,910,0.816500
Memory 120,200,910,0.736000
Memory 130,200,910,0.768500
Memory 140,200,910,0.716000
Memory 150,200,910,0.763500
Memory 160,200,910,0.708500
Memory 170,200,910,0.788000
Memory 180,200,910,0.789000
Memory 190,200,910,0.654500
Memory 200,200,910,0.687000
Memory 10,200,910,1.000000
Memory 20,200,910,1.000000
Memory 30,200,910,0.967000
Memory 40,200,910,0.987500
Memory 50,200,910,0.980000
Memory 60,200,910,0.991500
Memory 70,200,910,0.964500
Memory 80,200,910,0.962500
Memory 90,200,910,0.950500
Memory 100,200,910,0.890000
Memory 110,200,910,0.940500
Memory 120,200,910,0.929500
Memory 130,200,910,0.887000
Memory 140,200,910,0.933000
Memory 150,200,910,0.905000
Memory 160,200,910,0.913000
Memory 170,200,910,0.791500
Memory 180,200,910,0.823000
Memory 190,200,910,0.848500
Memory 200,200,910,0.684000
Memory 10,200,910,1.000000
Memory 20,200,910,0.783500
Memory 30,200,910,0.668000
Memory 40,200,910,0.636000
Memory 50,200,910,0.582500
Memory 60,200,910,0.645000
Memory 70,200,910,0.646000
Memory 80,200,910,0.630500
Memory 90,200,910,0.637500
Memory 100,200,910,0.653000
Memory 110,200,910,0.637500
Memory 120,200,910,0.586500
Memory 130,200,910,0.639500
Memory 140,200,910,0.614000
Memory 150,200,910,0.558500
Memory 160,200,910,0.648500
Memory 170,200,910,0.590000
Memory 180,200,910,0.642000
Memory 190,200,910,0.614000
Memory 200,200,910,0.602500
Memory 10,200,979,1.000000
Memory 20,200,979,1.000000
Memory 30,200,979,1.000000
Memory 40,200,979,0.985000
Memory 50,200,979,0.992000
Memory 60,200,979,0.959000
Memory 70,200,979,0.920000
Memory 80,200,979,0.853000
Memory 90,200,979,0.829500
Memory 100,200,979,0.807500
Memory 110,200,979,0.805000
Memory 120,200,979,0.757500
Memory 130,200,979,0.771500
Memory 140,200,979,0.722500
Memory 150,200,979,0.764000
Memory 160,200,979,0.716500
Memory 170,200,979,0.778500
Memory 180,200,979,0.774500
Memory 190,200,979,0.656000
Memory 200,200,979,0.685000
Memory 10,200,979,1.000000
Memory 20,200,979,1.000000
Memory 30,200,979,0.967000
Memory 40,200,979,0.975000
Memory 50,200,979,0.980000
Memory 60,200,979,0.967000
Memory 70,200,979,0.950000
Memory 80,200,979,0.956000
Memory 90,200,979,0.939500
Memory 100,200,979,0.895000
Memory 110,200,979,0.918000
Memory 120,200,979,0.922500
Memory 130,200,979,0.897000
Memory 140,200,979,0.932000
Memory 150,200,979,0.904500
Memory 160,200,979,0.897500
Memory 170,200,979,0.784000
Memory 180,200,979,0.832500
Memory 190,200,979,0.857500
Memory 200,200,979,0.796500
Memory 10,200,979,1.000000
Memory 20,200,979,0.773500
Memory 30,200,979,0.669000
Memory 40,200,979,0.643000
Memory 50,200,979,0.604000
Memory 60,200,979,0.654500
Memory 70,200,979,0.671500
Memory 80,200,979,0.635000
Memory 90,200,979,0.633500
Memory 100,200,979,0.655500
Memory 110,200,979,0.650500
Memory 120,200,979,0.590500
Memory 130,200,979,0.623000
Memory 140,200,979,0.626500
Memory 150,200,979,0.566500
Memory 160,200,979,0.646500
Memory 170,200,979,0.586500
Memory 180,200,979,0.635000
Memory 190,200,979,0.629500
Memory 200,200,979,0.574500
Memory 10,300,361,1.000000
Memory 20,300,361,1.000000
Memory 30,300,361,1.000000
Memory 40,300,361,1.000000
Memory 50,300,361,1.000000
Memory 60,300,361,0.989500
Memory 70,300,361,0.951000
Memory 80,300,361,0.900000
Memory 90,300,361,0.884000
Memory 100,300,361,0.834000
Memory 110,300,361,0.840500
Memory 120,300,361,0.780000
Memory 130,300,361,0.807000
Memory 140,300,361,0.771500
Memory 150,300,361,0.779500
Memory 160,300,361,0.740500
Memory 170,300,361,0.809500
Memory 180,300,361,0.786500
Memory 190,300,361,0.649000
Memory 200,300,361,0.674500
Memory 10,300,361,1.000000
Memory 20,300,361,1.000000
Memory 30,300,361,0.967000
Memory 40,300,361,1.000000
Memory 50,300,361,0.980000
Memory 60,300,361,1.000000
Memory 70,300,361,0.993000
Memory 80,300,361,0.968500
Memory 90,300,361,0.956000
Memory 100,300,361,0.915000
Memory 110,300,361,0.922500
Memory 120,300,361,0.942000
Memory 130,300,361,0.896000
Memory 140,300,361,0.922500
Memory 150,300,361,0.895500
Memory 160,300,361,0.891500
Memory 170,300,361,0.793500
Memory 180,300,361,0.815000
Memory 190,300,361,0.841500
Memory 200,300,361,0.774000
Memory 10,300,361,1.000000
Memory 20,300,361,0.777000
Memory 30,300,361,0.650000
Memory 40,300,361,0.625000
Memory 50,300,361,0.617500
Memory 60,300,361,0.642000
Memory 70,300,361,0.631000
Memory 80,300,361,0.603000
Memory 90,300,361,0.628000
Memory 100,300,361,0.625500
Memory 110,300,361,0.633000
Memory 120,300,361,0.580000
Memory 130,300,361,0.593500
Memory 140,300,361,0.565500
Memory 150,300,361,0.553500
Memory 160,300,361,0.644000
Memory 170,300,361,0.560000
Memory 180,300,361,0.617000
Memory 190,300,361,0.608000
Memory 200,300,361,0.552000
Memory 10,300,715,1.000000
Memory 20,300,715,1.000000
Memory 30,300,715,1.000000
Memory 40,300,715,1.000000
Memory 50,300,715,1.000000
Memory 60,300,715,0.996500
Memory 70,300,715,0.953500
Memory 80,300,715,0.897500
Memory 90,300,715,0.890500
Memory 100,300,715,0.811000
Memory 110,300,715,0.834000
Memory 120,300,715,0.788000
Memory 130,300,715,0.786000
Memory 140,300,715,0.790500
Memory 150,300,715,0.775500
Memory 160,300,715,0.734500
Memory 170,300,715,0.813000
Memory 180,300,715,0.791000
Memory 190,300,715,0.646000
Memory 200,300,715,0.670500
Memory 10,300,715,1.000000
Memory 20,300,715,1.000000
Memory 30,300,715,0.967000
Memory 40,300,715,1.000000
Memory 50,300,715,0.980000
Memory 60,300,715,1.000000
Memory 70,300,715,1.000000
Memory 80,300,715,0.968500
Memory 90,300,715,0.972500
Memory 100,300,715,0.900000
Memory 110,300,715,0.931500
Memory 120,300,715,0.930500
Memory 130,300,715,0.883000
Memory 140,300,715,0.926500
Memory 150,300,715,0.890500
Memory 160,300,715,0.893500
Memory 170,300,715,0.830000
Memory 180,300,715,0.819500
Memory 190,300,715,0.833500
Memory 200,300,715,0.770000
Memory 10,300,715,1.000000
Memory 20,300,715,0.805000
Memory 30,300,715,0.654000
Memory 40,300,715,0.595000
Memory 50,300,715,0.587500
Memory 60,300,715,0.638000
Memory 70,300,715,0.632500
Memory 80,300,715,0.617500
Memory 90,300,715,0.633000
Memory 100,300,715,0.642000
Memory 110,300,715,0.602000
Memory 120,300,715,0.593500
Memory 130,300,715,0.594000
Memory 140,300,715,0.610000
Memory 150,300,715,0.547500
Memory 160,300,715,0.635000
Memory 170,300,715,0.564000
Memory 180,300,715,0.631500
Memory 190,300,715,0.614000
Memory 200,300,715,0.552000
Memory 10,300,492,1.000000
Memory 20,300,492,1.000000
Memory 30,300,492,1.000000
Memory 40,300,492,1.000000
Memory 50,300,492,1.000000
Memory 60,300,492,0.996500
Memory 70,300,492,0.951000
Memory 80,300,492,0.910500
Memory 90,300,492,0.876000
Memory 100,300,492,0.816500
Memory 110,300,492,0.851500
Memory 120,300,492,0.765500
Memory 130,300,492,0.815000
Memory 140,300,492,0.780500
Memory 150,300,492,0.761000
Memory 160,300,492,0.737500
Memory 170,300,492,0.811500
Memory 180,300,492,0.793000
Memory 190,300,492,0.630500
Memory 200,300,492,0.678000
Memory 10,300,492,1.000000
Memory 20,300,492,1.000000
Memory 30,300,492,0.967000
Memory 40,300,492,1.000000
Memory 50,300,492,0.980000
Memory 60,300,492,1.000000
Memory 70,300,492,1.000000
Memory 80,300,492,0.968500
Memory 90,300,492,0.972500
Memory 100,300,492,0.900000
Memory 110,300,492,0.931500
Memory 120,300,492,0.927000
Memory 130,300,492,0.892500
Memory 140,300,492,0.933000
Memory 150,300,492,0.899500
Memory 160,300,492,0.897500
Memory 170,300,492,0.790500
Memory 180,300,492,0.831000
Memory 190,300,492,0.828000
Memory 200,300,492,0.726000
Memory 10,300,492,1.000000
Memory 20,300,492,0.808500
Memory 30,300,492,0.649000
Memory 40,300,492,0.619000
Memory 50,300,492,0.587500
Memory 60,300,492,0.637500
Memory 70,300,492,0.644500
Memory 80,300,492,0.611500
Memory 90,300,492,0.618500
Memory 100,300,492,0.645000
Memory 110,300,492,0.625000
Memory 120,300,492,0.577000
Memory 130,300,492,0.599500
Memory 140,300,492,0.588000
Memory 150,300,492,0.553000
Memory 160,300,492,0.617000
Memory 170,300,492,0.550500
Memory 180,300,492,0.607500
Memory 190,300,492,0.603000
Memory 200,300,492,0.551500
Memory 10,300,719,1.000000
Memory 20,300,719,1.000000
Memory 30,300,719,1.000000
Memory 40,300,719,1.000000
Memory 50,300,719,1.000000
Memory 60,300,719,0.996500
Memory 70,300,719,0.958000
Memory 80,300,719,0.892500
Memory 90,300,719,0.888500
Memory 100,300,719,0.828500
Memory 110,300,719,0.826500
Memory 120,300,719,0.768500
Memory 130,300,719,0.802500
Memory 140,300,719,0.758000
Memory 150,300,719,0.779500
Memory 160,300,719,0.742000
Memory 170,300,719,0.803000
Memory 180,300,719,0.782500
Memory 190,300,719,0.615500
Memory 200,300,719,0.676500
Memory 10,300,719,1.000000
Memory 20,300,719,1.000000
Memory 30,300,719,0.967000
Memory 40,300,719,1.000000
Memory 50,300,719,0.980000
Memory 60,300,719,1.000000
Memory 70,300,719,0.985500
Memory 80,300,719,0.975000
Memory 90,300,719,0.972500
Memory 100,300,719,0.895000
Memory 110,300,719,0.940500
Memory 120,300,719,0.927500
Memory 130,300,719,0.878500
Memory 140,300,719,0.917500
Memory 150,300,719,0.889500
Memory 160,300,719,0.917000
Memory 170,300,719,0.785500
Memory 180,300,719,0.819000
Memory 190,300,719,0.830000
Memory 200,300,719,0.658000
Memory 10,300,719,1.000000
Memory 20,300,719,0.776500
Memory 30,300,719,0.645000
Memory 40,300,719,0.620500
Memory 50,300,719,0.600500
Memory 60,300,719,0.633500
Memory 70,300,719,0.635000
Memory 80,300,719,0.614000
Memory 90,300,719,0.626000
Memory 100,300,719,0.621500
Memory 110,300,719,0.621500
Memory 120,300,719,0.582500
Memory 130,300,719,0.598500
Memory 140,300,719,0.594500
Memory 150,300,719,0.539000
Memory 160,300,719,0.618000
Memory 170,300,719,0.576000
Memory 180,300,719,0.626500
Memory 190,300,719,0.610500
Memory 200,300,719,0.551500
Memory 10,300,910,1.000000
Memory 20,300,910,1.000000
Memory 30,300,910,1.000000
Memory 40,300,910,1.000000
Memory 50,300,910,1.000000
Memory 60,300,910,0.989500
Memory 70,300,910,0.960500
Memory 80,300,910,0.912500
Memory 90,300,910,0.874000
Memory 100,300,910,0.823500
Memory 110,300,910,0.839500
Memory 120,300,910,0.758500
Memory 130,300,910,0.803500
Memory 140,300,910,0.765500
Memory 150,300,910,0.767000
Memory 160,300,910,0.736500
Memory 170,300,910,0.812500
Memory 180,300,910,0.789500
Memory 190,300,910,0.630500
Memory 200,300,910,0.689000
Memory 10,300,910,1.000000
Memory 20,300,910,1.000000
Memory 30,300,910,0.967000
Memory 40,300,910,1.000000
Memory 50,300,910,0.980000
Memory 60,300,910,1.000000
Memory 70,300,910,1.000000
Memory 80,300,910,0.968500
Memory 90,300,910,0.961500
Memory 100,300,910,0.900000
Memory 110,300,910,0.936000
Memory 120,300,910,0.933500
Memory 130,300,910,0.883500
Memory 140,300,910,0.924500
Memory 150,300,910,0.894000
Memory 160,300,910,0.907000
Memory 170,300,910,0.799500
Memory 180,300,910,0.816000
Memory 190,300,910,0.849000
Memory 200,300,910,0.696000
Memory 10,300,910,1.000000
Memory 20,300,910,0.814500
Memory 30,300,910,0.656000
Memory 40,300,910,0.623000
Memory 50,300,910,0.592500
Memory 60,300,910,0.634000
Memory 70,300,910,0.641500
Memory 80,300,910,0.608000
Memory 90,300,910,0.628500
Memory 100,300,910,0.625500
Memory 110,300,910,0.611000
Memory 120,300,910,0.583000
Memory 130,300,910,0.616500
Memory 140,300,910,0.598500
Memory 150,300,910,0.559000
Memory 160,300,910,0.627000
Memory 170,300,910,0.560500
Memory 180,300,910,0.635500
Memory 190,300,910,0.616000
Memory 200,300,910,0.553000
Memory 10,300,395,1.000000
Memory 20,300,395,1.000000
Memory 30,300,395,1.000000
Memory 40,300,395,1.000000
Memory 50,300,395,1.000000
Memory 60,300,395,0.993000
Memory 70,300,395,0.954000
Memory 80,300,395,0.905000
Memory 90,300,395,0.876000
Memory 100,300,395,0.823500
Memory 110,300,395,0.841000
Memory 120,300,395,0.789000
Memory 130,300,395,0.811000
Memory 140,300,395,0.750500
Memory 150,300,395,0.773000
Memory 160,300,395,0.746500
Memory 170,300,395,0.818000
Memory 180,300,395,0.787000
Memory 190,300,395,0.640000
Memory 200,300,395,0.685000
Memory 10,300,395,1.000000
Memory 20,300,395,1.000000
Memory 30,300,395,0.967000
Memory 40,300,395,1.000000
Memory 50,300,395,0.980000
Memory 60,300,395,1.000000
Memory 70,300,395,0.993000
Memory 80,300,395,0.968500
Memory 90,300,395,0.961500
Memory 100,300,395,0.900000
Memory 110,300,395,0.940500
Memory 120,300,395,0.907500
Memory 130,300,395,0.894000
Memory 140,300,395,0.922500
Memory 150,300,395,0.897000
Memory 160,300,395,0.907000
Memory 170,300,395,0.791000
Memory 180,300,395,0.835000
Memory 190,300,395,0.831500
Memory 200,300,395,0.697000
Memory 10,300,395,1.000000
Memory 20,300,395,0.791000
Memory 30,300,395,0.650500
Memory 40,300,395,0.613000
Memory 50,300,395,0.562500
Memory 60,300,395,0.617500
Memory 70,300,395,0.627000
Memory 80,300,395,0.611500
Memory 90,300,395,0.615500
Memory 100,300,395,0.638000
Memory 110,300,395,0.629000
Memory 120,300,395,0.581500
Memory 130,300,395,0.624000
Memory 140,300,395,0.602500
Memory 150,300,395,0.553000
Memory 160,300,395,0.635000
Memory 170,300,395,0.585500
Memory 180,300,395,0.632500
Memory 190,300,395,0.599000
Memory 200,300,395,0.554000
Memory 10,300,328,1.000000
Memory 20,300,328,1.000000
Memory 30,300,328,1.000000
Memory 40,300,328,1.000000
Memory 50,300,328,1.000000
Memory 60,300,328,1.000000
Memory 70,300,328,0.960500
Memory 80,300,328,0.898000
Memory 90,300,328,0.884000
Memory 100,300,328,0.838000
Memory 110,300,328,0.832000
Memory 120,300,328,0.773000
Memory 130,300,328,0.811000
Memory 140,300,328,0.760500
Memory 150,300,328,0.772500
Memory 160,300,328,0.728500
Memory 170,300,328,0.811000
Memory 180,300,328,0.795500
Memory 190,300,328,0.631500
Memory 200,300,328,0.677000
Memory 10,300,328,1.000000
Memory 20,300,328,1.000000
Memory 30,300,328,0.967000
Memory 40,300,328,1.000000
Memory 50,300,328,0.980000
Memory 60,300,328,1.000000
Memory 70,300,328,1.000000
Memory 80,300,328,0.968500
Memory 90,300,328,0.961500
Memory 100,300,328,0.910000
Memory 110,300,328,0.949500
Memory 120,300,328,0.931000
Memory 130,300,328,0.906000
Memory 140,300,328,0.928000
Memory 150,300,328,0.896500
Memory 160,300,328,0.901500
Memory 170,300,328,0.804000
Memory 180,300,328,0.830500
Memory 190,300,328,0.848500
Memory 200,300,328,0.689500
Memory 10,300,328,1.000000
Memory 20,300,328,0.779500
Memory 30,300,328,0.654000
Memory 40,300,328,0.619500
Memory 50,300,328,0.605500
Memory 60,300,328,0.641500
Memory 70,300,328,0.627000
Memory 80,300,328,0.605000
Memory 90,300,328,0.629500
Memory 100,300,328,0.636500
Memory 110,300,328,0.614500
Memory 120,300,328,0.570500
Memory 130,300,328,0.618000
Memory 140,300,328,0.602500
Memory 150,300,328,0.546000
Memory 160,300,328,0.632000
Memory 170,300,328,0.555000
Memory 180,300,328,0.638000
Memory 190,300,328,0.602500
Memory 200,300,328,0.572500
Memory 10,300,607,1.000000
Memory 20,300,607,1.000000
Memory 30,300,607,1.000000
Memory 40,300,607,1.000000
Memory 50,300,607,1.000000
Memory 60,300,607,1.000000
Memory 70,300,607,0.949000
Memory 80,300,607,0.888000
Memory 90,300,607,0.882500
Memory 100,300,607,0.834500
Memory 110,300,607,0.842500
Memory 120,300,607,0.787500
Memory 130,300,607,0.790500
Memory 140,300,607,0.762000
Memory 150,300,607,0.785500
Memory 160,300,607,0.744500
Memory 170,300,607,0.809000
Memory 180,300,607,0.788500
Memory 190,300,607,0.632000
Memory 200,300,607,0.672500
Memory 10,300,607,1.000000
Memory 20,300,607,1.000000
Memory 30,300,607,0.967000
Memory 40,300,607,1.000000
Memory 50,300,607,0.980000
Memory 60,300,607,1.000000
Memory 70,300,607,1.000000
Memory 80,300,607,0.975000
Memory 90,300,607,0.961500
Memory 100,300,607,0.900000
Memory 110,300,607,0.949500
Memory 120,300,607,0.930000
Memory 130,300,607,0.890500
Memory 140,300,607,0.927000
Memory 150,300,607,0.885500
Memory 160,300,607,0.907500
Memory 170,300,607,0.792500
Memory 180,300,607,0.833500
Memory 190,300,607,0.833000
Memory 200,300,607,0.682500
Memory 10,300,607,1.000000
Memory 20,300,607,0.777500
Memory 30,300,607,0.651000
Memory 40,300,607,0.622500
Memory 50,300,607,0.590500
Memory 60,300,607,0.637000
Memory 70,300,607,0.618000
Memory 80,300,607,0.628500
Memory 90,300,607,0.613000
Memory 100,300,607,0.616500
Memory 110,300,607,0.636000
Memory 120,300,607,0.589500
Memory 130,300,607,0.602000
Memory 140,300,607,0.613000
Memory 150,300,607,0.561000
Memory 160,300,607,0.631500
Memory 170,300,607,0.563000
Memory 180,300,607,0.625000
Memory 190,300,607,0.622000
Memory 200,300,607,0.552500
Memory 10,300,157,1.000000
Memory 20,300,157,1.000000
Memory 30,300,157,1.000000
Memory 40,300,157,1.000000
Memory 50,300,157,1.000000
Memory 60,300,157,0.996500
Memory 70,300,157,0.956500
Memory 80,300,157,0.880000
Memory 90,300,157,0.886500
Memory 100,300,157,0.819500
Memory 110,300,157,0.844500
Memory 120,300,157,0.749500
Memory 130,300,157,0.819000
Memory 140,300,157,0.774000
Memory 150,300,157,0.773000
Memory 160,300,157,0.733500
Memory 170,300,157,0.795500
Memory 180,300,157,0.773500
Memory 190,300,157,0.635500
Memory 200,300,157,0.673500
Memory 10,300,157,1.000000
Memory 20,300,157,1.000000
Memory 30,300,157,0.967000
Memory 40,300,157,1.000000
Memory 50,300,157,0.980000
Memory 60,300,157,1.000000
Memory 70,300,157,1.000000
Memory 80,300,157,0.968500
Memory 90,300,157,0.967000
Memory 100,300,157,0.910000
Memory 110,300,157,0.931500
Memory 120,300,157,0.924000
Memory 130,300,157,0.895000
Memory 140,300,157,0.930500
Memory 150,300,157,0.911500
Memory 160,300,157,0.897500
Memory 170,300,157,0.534000
Memory 180,300,157,0.813500
Memory 190,300,157,0.856500
Memory 200,300,157,0.662000
Memory 10,300,157,1.000000
Memory 20,300,157,0.797500
Memory 30,300,157,0.648500
Memory 40,300,157,0.616500
Memory 50,300,157,0.574000
Memory 60,300,157,0.638000
Memory 70,300,157,0.650000
Memory 80,300,157,0.616500
Memory 90,300,157,0.623500
Memory 100,300,157,0.624500
Memory 110,300,157,0.643000
Memory 120,300,157,0.581500
Memory 130,300,157,0.608000
Memory 140,300,157,0.599500
Memory 150,300,157,0.552500
Memory 160,300,157,0.643000
Memory 170,300,157,0.579000
Memory 180,300,157,0.631500
Memory 190,300,157,0.607000
Memory 200,300,157,0.569500
Memory 10,300,418,1.000000
Memory 20,300,418,1.000000
Memory 30,300,418,1.000000
Memory 40,300,418,1.000000
Memory 50,300,418,1.000000
Memory 60,300,418,1.000000
Memory 70,300,418,0.961500
Memory 80,300,418,0.920500
Memory 90,300,418,0.886500
Memory 100,300,418,0.814000
Memory 110,300,418,0.839500
Memory 120,300,418,0.747000
Memory 130,300,418,0.813000
Memory 140,300,418,0.768500
Memory 150,300,418,0.779000
Memory 160,300,418,0.755000
Memory 170,300,418,0.815500
Memory 180,300,418,0.793000
Memory 190,300,418,0.643500
Memory 200,300,418,0.666500
Memory 10,300,418,1.000000
Memory 20,300,418,1.000000
Memory 30,300,418,0.967000
Memory 40,300,418,1.000000
Memory 50,300,418,0.980000
Memory 60,300,418,1.000000
Memory 70,300,418,1.000000
Memory 80,300,418,0.968500
Memory 90,300,418,0.978000
Memory 100,300,418,0.915000
Memory 110,300,418,0.940500
Memory 120,300,418,0.924000
Memory 130,300,418,0.905000
Memory 140,300,418,0.922500
Memory 150,300,418,0.899000
Memory 160,300,418,0.892000
Memory 170,300,418,0.801000
Memory 180,300,418,0.809500
Memory 190,300,418,0.831500
Memory 200,300,418,0.689000
Memory 10,300,418,1.000000
Memory 20,300,418,0.791000
Memory 30,300,418,0.641000
Memory 40,300,418,0.626000
Memory 50,300,418,0.567500
Memory 60,300,418,0.624500
Memory 70,300,418,0.652000
Memory 80,300,418,0.599000
Memory 90,300,418,0.598000
Memory 100,300,418,0.632000
Memory 110,300,418,0.615500
Memory 120,300,418,0.590500
Memory 130,300,418,0.608500
Memory 140,300,418,0.584500
Memory 150,300,418,0.562000
Memory 160,300,418,0.625000
Memory 170,300,418,0.564500
Memory 180,300,418,0.609000
Memory 190,300,418,0.614000
Memory 200,300,418,0.542500
Memory 10,400,374,1.000000
Memory 20,400,374,1.000000
Memory 30,400,374,1.000000
Memory 40,400,374,1.000000
Memory 50,400,374,1.000000
Memory 60,400,374,1.000000
Memory 70,400,374,0.988000
Memory 80,400,374,0.922500
Memory 90,400,374,0.930000
Memory 100,400,374,0.848500
Memory 110,400,374,0.864500
Memory 120,400,374,0.781000
Memory 130,400,374,0.828500
Memory 140,400,374,0.775000
Memory 150,400,374,0.802000
Memory 160,400,374,0.763000
Memory 170,400,374,0.820000
Memory 180,400,374,0.800000
Memory 190,400,374,0.598000
Memory 200,400,374,0.681500
Memory 10,400,374,1.000000
Memory 20,400,374,1.000000
Memory 30,400,374,0.967000
Memory 40,400,374,1.000000
Memory 50,400,374,0.980000
Memory 60,400,374,1.000000
Memory 70,400,374,1.000000
Memory 80,400,374,0.975000
Memory 90,400,374,0.983500
Memory 100,400,374,0.910000
Memory 110,400,374,0.936000
Memory 120,400,374,0.915500
Memory 130,400,374,0.892500
Memory 140,400,374,0.919000
Memory 150,400,374,0.892500
Memory 160,400,374,0.901500
Memory 170,400,374,0.777500
Memory 180,400,374,0.808000
Memory 190,400,374,0.841500
Memory 200,400,374,0.803000
Memory 10,400,374,1.000000
Memory 20,400,374,0.818500
Memory 30,400,374,0.628500
Memory 40,400,374,0.581500
Memory 50,400,374,0.579000
Memory 60,400,374,0.605000
Memory 70,400,374,0.619000
Memory 80,400,374,0.595000
Memory 90,400,374,0.606000
Memory 100,400,374,0.626000
Memory 110,400,374,0.603000
Memory 120,400,374,0.572500
Memory 130,400,374,0.586500
Memory 140,400,374,0.569500
Memory 150,400,374,0.534000
Memory 160,400,374,0.641000
Memory 170,400,374,0.542500
Memory 180,400,374,0.586000
Memory 190,400,374,0.592000
Memory 200,400,374,0.520000
Memory 10,400,250,1.000000
Memory 20,400,250,1.000000
Memory 30,400,250,1.000000
Memory 40,400,250,1.000000
Memory 50,400,250,1.000000
Memory 60,400,250,1.000000
Memory 70,400,250,0.985000
Memory 80,400,250,0.915000
Memory 90,400,250,0.919500
Memory 100,400,250,0.856500
Memory 110,400,250,0.856000
Memory 120,400,250,0.781000
Memory 130,400,250,0.841500
Memory 140,400,250,0.819500
Memory 150,400,250,0.794500
Memory 160,400,250,0.749500
Memory 170,400,250,0.825500
Memory 180,400,250,0.789000
Memory 190,400,250,0.642000
Memory 200,400,250,0.675500
Memory 10,400,250,1.000000
Memory 20,400,250,1.000000
Memory 30,400,250,0.967000
Memory 40,400,250,1.000000
Memory 50,400,250,0.980000
Memory 60,400,250,1.000000
Memory 70,400,250,1.000000
Memory 80,400,250,0.975000
Memory 90,400,250,0.972500
Memory 100,400,250,0.895000
Memory 110,400,250,0.954000
Memory 120,400,250,0.930500
Memory 130,400,250,0.889000
Memory 140,400,250,0.913500
Memory 150,400,250,0.885500
Memory 160,400,250,0.911500
Memory 170,400,250,0.861500
Memory 180,400,250,0.810000
Memory 190,400,250,0.835000
Memory 200,400,250,0.809000
Memory 10,400,250,1.000000
Memory 20,400,250,0.832500
Memory 30,400,250,0.641500
Memory 40,400,250,0.583000
Memory 50,400,250,0.561000
Memory 60,400,250,0.629500
Memory 70,400,250,0.596500
Memory 80,400,250,0.592000
Memory 90,400,250,0.602500
Memory 100,400,250,0.617500
Memory 110,400,250,0.600000
Memory 120,400,250,0.586000
Memory 130,400,250,0.592500
Memory 140,400,250,0.578500
Memory 150,400,250,0.538500
Memory 160,400,250,0.634000
Memory 170,400,250,0.560500
Memory 180,400,250,0.589500
Memory 190,400,250,0.583000
Memory 200,400,250,0.523000
Memory 10,400,171,1.000000
Memory 20,400,171,1.000000
Memory 30,400,171,1.000000
Memory 40,400,171,1.000000
Memory 50,400,171,1.000000
Memory 60,400,171,1.000000
Memory 70,400,171,0.980000
Memory 80,400,171,0.920000
Memory 90,400,171,0.915000
Memory 100,400,171,0.838000
Memory 110,400,171,0.846500
Memory 120,400,171,0.775500
Memory 130,400,171,0.831000
Memory 140,400,171,0.808000
Memory 150,400,171,0.802500
Memory 160,400,171,0.730500
Memory 170,400,171,0.815000
Memory 180,400,171,0.786000
Memory 190,400,171,0.628000
Memory 200,400,171,0.645500
Memory 10,400,171,1.000000
Memory 20,400,171,1.000000
Memory 30,400,171,0.967000
Memory 40,400,171,1.000000
Memory 50,400,171,0.980000
Memory 60,400,171,1.000000
Memory 70,400,171,1.000000
Memory 80,400,171,0.975000
Memory 90,400,171,0.972500
Memory 100,400,171,0.880000
Memory 110,400,171,0.954000
Memory 120,400,171,0.926500
Memory 130,400,171,0.895000
Memory 140,400,171,0.923000
Memory 150,400,171,0.899000
Memory 160,400,171,0.904500
Memory 170,400,171,0.793000
Memory 180,400,171,0.820500
Memory 190,400,171,0.836000
Memory 200,400,171,0.669000
Memory 10,400,171,1.000000
Memory 20,400,171,0.780500
Memory 30,400,171,0.621500
Memory 40,400,171,0.594500
Memory 50,400,171,0.589000
Memory 60,400,171,0.620500
Memory 70,400,171,0.593500
Memory 80,400,171,0.584500
Memory 90,400,171,0.599500
Memory 100,400,171,0.612500
Memory 110,400,171,0.586000
Memory 120,400,171,0.562500
Memory 130,400,171,0.589000
Memory 140,400,171,0.582000
Memory 150,400,171,0.540000
Memory 160,400,171,0.633500
Memory 170,400,171,0.549000
Memory 180,400,171,0.597500
Memory 190,400,171,0.576500
Memory 200,400,171,0.544000
Memory 10,400,709,1.000000
Memory 20,400,709,1.000000
Memory 30,400,709,1.000000
Memory 40,400,709,1.000000
Memory 50,400,709,1.000000
Memory 60,400,709,1.000000
Memory 70,400,709,0.982500
Memory 80,400,709,0.945000
Memory 90,400,709,0.917000
Memory 100,400,709,0.837500
Memory 110,400,709,0.862000
Memory 120,400,709,0.788500
Memory 130,400,709,0.819000
Memory 140,400,709,0.792500
Memory 150,400,709,0.786000
Memory 160,400,709,0.763500
Memory 170,400,709,0.816000
Memory 180,400,709,0.788000
Memory 190,400,709,0.625500
Memory 200,400,709,0.662000
Memory 10,400,709,1.000000
Memory 20,400,709,1.000000
Memory 30,400,709,0.967000
Memory 40,400,709,1.000000
Memory 50,400,709,0.980000
Memory 60,400,709,1.000000
Memory 70,400,709,1.000000
Memory 80,400,709,0.975000
Memory 90,400,709,0.978000
Memory 100,400,709,0.910000
Memory 110,400,709,0.945000
Memory 120,400,709,0.927500
Memory 130,400,709,0.877500
Memory 140,400,709,0.921000
Memory 150,400,709,0.891000
Memory 160,400,709,0.899000
Memory 170,400,709,0.845500
Memory 180,400,709,0.810500
Memory 190,400,709,0.837500
Memory 200,400,709,0.673000
Memory 10,400,709,1.000000
Memory 20,400,709,0.808000
Memory 30,400,709,0.617000
Memory 40,400,709,0.609500
Memory 50,400,709,0.583500
Memory 60,400,709,0.612000
Memory 70,400,709,0.605500
Memory 80,400,709,0.595000
Memory 90,400,709,0.596000
Memory 100,400,709,0.630000
Memory 110,400,709,0.608000
Memory 120,400,709,0.574000
Memory 130,400,709,0.588000
Memory 140,400,709,0.567500
Memory 150,400,709,0.518000
Memory 160,400,709,0.609500
Memory 170,400,709,0.544500
Memory 180,400,709,0.600500
Memory 190,400,709,0.578000
Memory 200,400,709,0.539000
Memory 10,400,765,1.000000
Memory 20,400,765,1.000000
Memory 30,400,765,1.000000
Memory 40,400,765,1.000000
Memory 50,400,765,1.000000
Memory 60,400,765,1.000000
Memory 70,400,765,0.966000
Memory 80,400,765,0.922500
Memory 90,400,765,0.917000
Memory 100,400,765,0.836500
Memory 110,400,765,0.862000
Memory 120,400,765,0.779000
Memory 130,400,765,0.842500
Memory 140,400,765,0.802000
Memory 150,400,765,0.792000
Memory 160,400,765,0.745000
Memory 170,400,765,0.809500
Memory 180,400,765,0.807500
Memory 190,400,765,0.609500
Memory 200,400,765,0.676500
Memory 10,400,765,1.000000
Memory 20,400,765,1.000000
Memory 30,400,765,0.967000
Memory 40,400,765,1.000000
Memory 50,400,765,0.980000
Memory 60,400,765,1.000000
Memory 70,400,765,1.000000
Memory 80,400,765,0.975000
Memory 90,400,765,0.983500
Memory 100,400,765,0.910000
Memory 110,400,765,0.940500
Memory 120,400,765,0.915500
Memory 130,400,765,0.865000
Memory 140,400,765,0.926500
Memory 150,400,765,0.896000
Memory 160,400,765,0.901000
Memory 170,400,765,0.784000
Memory 180,400,765,0.808000
Memory 190,400,765,0.836500
Memory 200,400,765,0.701500
Memory 10,400,765,1.000000
Memory 20,400,765,0.825000
Memory 30,400,765,0.652000
Memory 40,400,765,0.590000
Memory 50,400,765,0.570500
Memory 60,400,765,0.618500
Memory 70,400,765,0.606000
Memory 80,400,765,0.600000
Memory 90,400,765,0.596000
Memory 100,400,765,0.620000
Memory 110,400,765,0.602000
Memory 120,400,765,0.573000
Memory 130,400,765,0.598000
Memory 140,400,765,0.575500
Memory 150,400,765,0.529000
Memory 160,400,765,0.629000
Memory 170,400,765,0.544000
Memory 180,400,765,0.622500
Memory 190,400,765,0.613000
Memory 200,400,765,0.533500
Memory 10,400,913,1.000000
Memory 20,400,913,1.000000
Memory 30,400,913,1.000000
Memory 40,400,913,1.000000
Memory 50,400,913,1.000000
Memory 60,400,913,1.000000
Memory 70,400,913,0.988500
Memory 80,400,913,0.922500
Memory 90,400,913,0.916500
Memory 100,400,913,0.855500
Memory 110,400,913,0.867000
Memory 120,400,913,0.768500
Memory 130,400,913,0.845000
Memory 140,400,913,0.793500
Memory 150,400,913,0.796500
Memory 160,400,913,0.736000
Memory 170,400,913,0.838000
Memory 180,400,913,0.805000
Memory 190,400,913,0.622000
Memory 200,400,913,0.674500
Memory 10,400,913,1.000000
Memory 20,400,913,1.000000
Memory 30,400,913,0.967000
Memory 40,400,913,1.000000
Memory 50,400,913,0.980000
Memory 60,400,913,1.000000
Memory 70,400,913,1.000000
Memory 80,400,913,0.975000
Memory 90,400,913,0.983500
Memory 100,400,913,0.910000
Memory 110,400,913,0.945000
Memory 120,400,913,0.927500
Memory 130,400,913,0.901000
Memory 140,400,913,0.916000
Memory 150,400,913,0.889000
Memory 160,400,913,0.904500
Memory 170,400,913,0.794500
Memory 180,400,913,0.823000
Memory 190,400,913,0.821000
Memory 200,400,913,0.664500
Memory 10,400,913,1.000000
Memory 20,400,913,0.801500
Memory 30,400,913,0.620000
Memory 40,400,913,0.594500
Memory 50,400,913,0.556500
Memory 60,400,913,0.602500
Memory 70,400,913,0.611500
Memory 80,400,913,0.581500
Memory 90,400,913,0.595500
Memory 100,400,913,0.620000
Memory 110,400,913,0.603500
Memory 120,400,913,0.569000
Memory 130,400,913,0.598000
Memory 140,400,913,0.554000
Memory 150,400,913,0.531000
Memory 160,400,913,0.621500
Memory 170,400,913,0.536000
Memory 180,400,913,0.607500
Memory 190,400,913,0.577500
Memory 200,400,913,0.534500
Memory 10,400,618,1.000000
Memory 20,400,618,1.000000
Memory 30,400,618,1.000000
Memory 40,400,618,1.000000
Memory 50,400,618,1.000000
Memory 60,400,618,1.000000
Memory 70,400,618,0.982500
Memory 80,400,618,0.935000
Memory 90,400,618,0.920000
Memory 100,400,618,0.856500
Memory 110,400,618,0.860500
Memory 120,400,618,0.793000
Memory 130,400,618,0.813500
Memory 140,400,618,0.795500
Memory 150,400,618,0.807000
Memory 160,400,618,0.723500
Memory 170,400,618,0.823500
Memory 180,400,618,0.795500
Memory 190,400,618,0.623500
Memory 200,400,618,0.683000
Memory 10,400,618,1.000000
Memory 20,400,618,1.000000
Memory 30,400,618,0.967000
Memory 40,400,618,1.000000
Memory 50,400,618,0.980000
Memory 60,400,618,1.000000
Memory 70,400,618,1.000000
Memory 80,400,618,0.975000
Memory 90,400,618,0.983500
Memory 100,400,618,0.895000
Memory 110,400,618,0.940500
Memory 120,400,618,0.920500
Memory 130,400,618,0.871000
Memory 140,400,618,0.917000
Memory 150,400,618,0.882500
Memory 160,400,618,0.895500
Memory 170,400,618,0.802500
Memory 180,400,618,0.830500
Memory 190,400,618,0.830500
Memory 200,400,618,0.689500
Memory 10,400,618,1.000000
Memory 20,400,618,0.814500
Memory 30,400,618,0.656000
Memory 40,400,618,0.592500
Memory 50,400,618,0.570000
Memory 60,400,618,0.610000
Memory 70,400,618,0.600000
Memory 80,400,618,0.584000
Memory 90,400,618,0.592000
Memory 100,400,618,0.599500
Memory 110,400,618,0.598000
Memory 120,400,618,0.561000
Memory 130,400,618,0.584500
Memory 140,400,618,0.574000
Memory 150,400,618,0.535500
Memory 160,400,618,0.605500
Memory 170,400,618,0.551500
Memory 180,400,618,0.592000
Memory 190,400,618,0.592000
Memory 200,400,618,0.549000
Memory 10,400,680,1.000000
Memory 20,400,680,1.000000
Memory 30,400,680,1.000000
Memory 40,400,680,1.000000
Memory 50,400,680,1.000000
Memory 60,400,680,1.000000
Memory 70,400,680,0.977000
Memory 80,400,680,0.935000
Memory 90,400,680,0.922500
Memory 100,400,680,0.861500
Memory 110,400,680,0.850000
Memory 120,400,680,0.776000
Memory 130,400,680,0.810500
Memory 140,400,680,0.790000
Memory 150,400,680,0.789500
Memory 160,400,680,0.757500
Memory 170,400,680,0.807500
Memory 180,400,680,0.793000
Memory 190,400,680,0.645500
Memory 200,400,680,0.673500
Memory 10,400,680,1.000000
Memory 20,400,680,1.000000
Memory 30,400,680,0.967000
Memory 40,400,680,1.000000
Memory 50,400,680,0.980000
Memory 60,400,680,1.000000
Memory 70,400,680,1.000000
Memory 80,400,680,0.975000
Memory 90,400,680,0.961500
Memory 100,400,680,0.920000
Memory 110,400,680,0.949500
Memory 120,400,680,0.935000
Memory 130,400,680,0.884000
Memory 140,400,680,0.919000
Memory 150,400,680,0.895500
Memory 160,400,680,0.901500
Memory 170,400,680,0.785500
Memory 180,400,680,0.813000
Memory 190,400,680,0.839000
Memory 200,400,680,0.690000
Memory 10,400,680,1.000000
Memory 20,400,680,0.800500
Memory 30,400,680,0.635500
Memory 40,400,680,0.588500
Memory 50,400,680,0.591000
Memory 60,400,680,0.610000
Memory 70,400,680,0.608000
Memory 80,400,680,0.606500
Memory 90,400,680,0.598500
Memory 100,400,680,0.617000
Memory 110,400,680,0.602000
Memory 120,400,680,0.567000
Memory 130,400,680,0.588000
Memory 140,400,680,0.565500
Memory 150,400,680,0.537500
Memory 160,400,680,0.637000
Memory 170,400,680,0.536500
Memory 180,400,680,0.597000
Memory 190,400,680,0.595500
Memory 200,400,680,0.534500
Memory 10,400,86,1.000000
Memory 20,400,86,1.000000
Memory 30,400,86,1.000000
Memory 40,400,86,1.000000
Memory 50,400,86,1.000000
Memory 60,400,86,1.000000
Memory 70,400,86,0.985000
Memory 80,400,86,0.932500
Memory 90,400,86,0.925000
Memory 100,400,86,0.833500
Memory 110,400,86,0.849000
Memory 120,400,86,0.799500
Memory 130,400,86,0.818500
Memory 140,400,86,0.815500
Memory 150,400,86,0.794000
Memory 160,400,86,0.746000
Memory 170,400,86,0.817000
Memory 180,400,86,0.804000
Memory 190,400,86,0.630000
Memory 200,400,86,0.668000
Memory 10,400,86,1.000000
Memory 20,400,86,1.000000
Memory 30,400,86,0.967000
Memory 40,400,86,1.000000
Memory 50,400,86,0.980000
Memory 60,400,86,1.000000
Memory 70,400,86,1.000000
Memory 80,400,86,0.975000
Memory 90,400,86,0.983500
Memory 100,400,86,0.900000
Memory 110,400,86,0.940500
Memory 120,400,86,0.926500
Memory 130,400,86,0.886500
Memory 140,400,86,0.918000
Memory 150,400,86,0.891000
Memory 160,400,86,0.892000
Memory 170,400,86,0.790000
Memory 180,400,86,0.829500
Memory 190,400,86,0.854000
Memory 200,400,86,0.682500
Memory 10,400,86,1.000000
Memory 20,400,86,0.808000
Memory 30,400,86,0.635000
Memory 40,400,86,0.590500
Memory 50,400,86,0.576000
Memory 60,400,86,0.616000
Memory 70,400,86,0.606500
Memory 80,400,86,0.591000
Memory 90,400,86,0.581500
Memory 100,400,86,0.597500
Memory 110,400,86,0.595500
Memory 120,400,86,0.570000
Memory 130,400,86,0.598000
Memory 140,400,86,0.560000
Memory 150,400,86,0.531500
Memory 160,400,86,0.642000
Memory 170,400,86,0.547500
Memory 180,400,86,0.612000
Memory 190,400,86,0.584000
Memory 200,400,86,0.546500
Memory 10,400,525,1.000000
Memory 20,400,525,1.000000
Memory 30,400,525,1.000000
Memory 40,400,525,1.000000
Memory 50,400,525,1.000000
Memory 60,400,525,1.000000
Memory 70,400,525,0.985500
Memory 80,400,525,0.927500
Memory 90,400,525,0.921500
Memory 100,400,525,0.840000
Memory 110,400,525,0.862500
Memory 120,400,525,0.789000
Memory 130,400,525,0.825500
Memory 140,400,525,0.809000
Memory 150,400,525,0.798000
Memory 160,400,525,0.748000
Memory 170,400,525,0.827500
Memory 180,400,525,0.814000
Memory 190,400,525,0.624000
Memory 200,400,525,0.681000
Memory 10,400,525,1.000000
Memory 20,400,525,1.000000
Memory 30,400,525,0.967000
Memory 40,400,525,1.000000
Memory 50,400,525,0.980000
Memory 60,400,525,1.000000
Memory 70,400,525,1.000000
Memory 80,400,525,0.975000
Memory 90,400,525,0.978000
Memory 100,400,525,0.890000
Memory 110,400,525,0.949500
Memory 120,400,525,0.934500
Memory 130,400,525,0.884000
Memory 140,400,525,0.926500
Memory 150,400,525,0.881500
Memory 160,400,525,0.900500
Memory 170,400,525,0.839000
Memory 180,400,525,0.823000
Memory 190,400,525,0.826500
Memory 200,400,525,0.785000
Memory 10,400,525,1.000000
Memory 20,400,525,0.825500
Memory 30,400,525,0.622000
Memory 40,400,525,0.602000
Memory 50,400,525,0.597500
Memory 60,400,525,0.616000
Memory 70,400,525,0.613500
Memory 80,400,525,0.594500
Memory 90,400,525,0.605000
Memory 100,400,525,0.604000
Memory 110,400,525,0.600000
Memory 120,400,525,0.577000
Memory 130,400,525,0.605500
Memory 140,400,525,0.572000
Memory 150,400,525,0.519500
Memory 160,400,525,0.620000
Memory 170,400,525,0.544500
Memory 180,400,525,0.591000
Memory 190,400,525,0.574000
Memory 200,400,525,0.537000
Memory 10,500,994,1.000000
Memory 20,500,994,1.000000
Memory 30,500,994,1.000000
Memory 40,500,994,1.000000
Memory 50,500,994,1.000000
Memory 60,500,994,1.000000
Memory 70,500,994,0.997000
Memory 80,500,994,0.950000
Memory 90,500,994,0.955500
Memory 100,500,994,0.853000
Memory 110,500,994,0.871000
Memory 120,500,994,0.802500
Memory 130,500,994,0.850000
Memory 140,500,994,0.805000
Memory 150,500,994,0.813500
Memory 160,500,994,0.755000
Memory 170,500,994,0.829500
Memory 180,500,994,0.799000
Memory 190,500,994,0.601500
Memory 200,500,994,0.677000
Memory 10,500,994,1.000000
Memory 20,500,994,1.000000
Memory 30,500,994,0.967000
Memory 40,500,994,1.000000
Memory 50,500,994,0.980000
Memory 60,500,994,1.000000
Memory 70,500,994,1.000000
Memory 80,500,994,0.975000
Memory 90,500,994,0.978000
Memory 100,500,994,0.895000
Memory 110,500,994,0.949500
Memory 120,500,994,0.928000
Memory 130,500,994,0.879000
Memory 140,500,994,0.918000
Memory 150,500,994,0.879500
Memory 160,500,994,0.899000
Memory 170,500,994,0.773000
Memory 180,500,994,0.809500
Memory 190,500,994,0.821000
Memory 200,500,994,0.690500
Memory 10,500,994,1.000000
Memory 20,500,994,0.818000
Memory 30,500,994,0.616500
Memory 40,500,994,0.574000
Memory 50,500,994,0.555000
Memory 60,500,994,0.597500
Memory 70,500,994,0.574000
Memory 80,500,994,0.585500
Memory 90,500,994,0.584000
Memory 100,500,994,0.593000
Memory 110,500,994,0.583500
Memory 120,500,994,0.538000
Memory 130,500,994,0.579500
Memory 140,500,994,0.530500
Memory 150,500,994,0.516000
Memory 160,500,994,0.594000
Memory 170,500,994,0.514500
Memory 180,500,994,0.575000
Memory 190,500,994,0.575500
Memory 200,500,994,0.497500
Memory 10,500,899,1.000000
Memory 20,500,899,1.000000
Memory 30,500,899,1.000000
Memory 40,500,899,1.000000
Memory 50,500,899,1.000000
Memory 60,500,899,1.000000
Memory 70,500,899,0.997000
Memory 80,500,899,0.940000
Memory 90,500,899,0.953000
Memory 100,500,899,0.854000
Memory 110,500,899,0.877000
Memory 120,500,899,0.784500
Memory 130,500,899,0.835500
Memory 140,500,899,0.807000
Memory 150,500,899,0.805000
Memory 160,500,899,0.758000
Memory 170,500,899,0.838500
Memory 180,500,899,0.789000
Memory 190,500,899,0.617500
Memory 200,500,899,0.681000
Memory 10,500,899,1.000000
Memory 20,500,899,1.000000
Memory 30,500,899,0.967000
Memory 40,500,899,1.000000
Memory 50,500,899,0.980000
Memory 60,500,899,1.000000
Memory 70,500,899,1.000000
Memory 80,500,899,0.975000
Memory 90,500,899,0.978000
Memory 100,500,899,0.900000
Memory 110,500,899,0.945000
Memory 120,500,899,0.939000
Memory 130,500,899,0.879500
Memory 140,500,899,0.911000
Memory 150,500,899,0.879000
Memory 160,500,899,0.880500
Memory 170,500,899,0.788000
Memory 180,500,899,0.804500
Memory 190,500,899,0.803500
Memory 200,500,899,0.682000
Memory 10,500,899,1.000000
Memory 20,500,899,0.783500
Memory 30,500,899,0.620000
Memory 40,500,899,0.555000
Memory 50,500,899,0.576500
Memory 60,500,899,0.600000
Memory 70,500,899,0.582000
Memory 80,500,899,0.559000
Memory 90,500,899,0.586500
Memory 100,500,899,0.594000
Memory 110,500,899,0.601000
Memory 120,500,899,0.547500
Memory 130,500,899,0.587000
Memory 140,500,899,0.550500
Memory 150,500,899,0.498000
Memory 160,500,899,0.605500
Memory 170,500,899,0.523000
Memory 180,500,899,0.577500
Memory 190,500,899,0.567000
Memory 200,500,899,0.507000
Memory 10,500,738,1.000000
Memory 20,500,738,1.000000
Memory 30,500,738,1.000000
Memory 40,500,738,1.000000
Memory 50,500,738,1.000000
Memory 60,500,738,1.000000
Memory 70,500,738,0.994000
Memory 80,500,738,0.955000
Memory 90,500,738,0.934500
Memory 100,500,738,0.833500
Memory 110,500,738,0.869000
Memory 120,500,738,0.798000
Memory 130,500,738,0.860000
Memory 140,500,738,0.782000
Memory 150,500,738,0.807500
Memory 160,500,738,0.757000
Memory 170,500,738,0.833500
Memory 180,500,738,0.800000
Memory 190,500,738,0.585000
Memory 200,500,738,0.666500
Memory 10,500,738,1.000000
Memory 20,500,738,1.000000
Memory 30,500,738,0.967000
Memory 40,500,738,1.000000
Memory 50,500,738,0.980000
Memory 60,500,738,1.000000
Memory 70,500,738,1.000000
Memory 80,500,738,0.975000
Memory 90,500,738,0.978000
Memory 100,500,738,0.895000
Memory 110,500,738,0.954000
Memory 120,500,738,0.926000
Memory 130,500,738,0.889000
Memory 140,500,738,0.918500
Memory 150,500,738,0.875000
Memory 160,500,738,0.898500
Memory 170,500,738,0.814500
Memory 180,500,738,0.803500
Memory 190,500,738,0.838500
Memory 200,500,738,0.681500
Memory 10,500,738,1.000000
Memory 20,500,738,0.822000
Memory 30,500,738,0.593000
Memory 40,500,738,0.562500
Memory 50,500,738,0.575000
Memory 60,500,738,0.594500
Memory 70,500,738,0.572000
Memory 80,500,738,0.567500
Memory 90,500,738,0.575000
Memory 100,500,738,0.612000
Memory 110,500,738,0.577500
Memory 120,500,738,0.546000
Memory 130,500,738,0.569000
Memory 140,500,738,0.554000
Memory 150,500,738,0.509500
Memory 160,500,738,0.620000
Memory 170,500,738,0.531500
Memory 180,500,738,0.580000
Memory 190,500,738,0.564500
Memory 200,500,738,0.520000
Memory 10,500,317,1.000000
Memory 20,500,317,1.000000
Memory 30,500,317,1.000000
Memory 40,500,317,1.000000
Memory 50,500,317,1.000000
Memory 60,500,317,1.000000
Memory 70,500,317,1.000000
Memory 80,500,317,0.962500
Memory 90,500,317,0.943500
Memory 100,500,317,0.862000
Memory 110,500,317,0.886000
Memory 120,500,317,0.791000
Memory 130,500,317,0.852500
Memory 140,500,317,0.818500
Memory 150,500,317,0.808000
Memory 160,500,317,0.748500
Memory 170,500,317,0.832000
Memory 180,500,317,0.791000
Memory 190,500,317,0.628000
Memory 200,500,317,0.664000
Memory 10,500,317,1.000000
Memory 20,500,317,1.000000
Memory 30,500,317,0.967000
Memory 40,500,317,1.000000
Memory 50,500,317,0.980000
Memory 60,500,317,1.000000
Memory 70,500,317,1.000000
Memory 80,500,317,0.975000
Memory 90,500,317,0.989000
Memory 100,500,317,0.910000
Memory 110,500,317,0.940500
Memory 120,500,317,0.924000
Memory 130,500,317,0.886000
Memory 140,500,317,0.914500
Memory 150,500,317,0.883500
Memory 160,500,317,0.905500
Memory 170,500,317,0.769500
Memory 180,500,317,0.808500
Memory 190,500,317,0.840500
Memory 200,500,317,0.792000
Memory 10,500,317,1.000000
Memory 20,500,317,0.818500
Memory 30,500,317,0.610500
Memory 40,500,317,0.560000
Memory 50,500,317,0.533000
Memory 60,500,317,0.580500
Memory 70,500,317,0.578000
Memory 80,500,317,0.551500
Memory 90,500,317,0.579000
Memory 100,500,317,0.612000
Memory 110,500,317,0.581500
Memory 120,500,317,0.545500
Memory 130,500,317,0.578500
Memory 140,500,317,0.529500
Memory 150,500,317,0.512500
Memory 160,500,317,0.602500
Memory 170,500,317,0.501000
Memory 180,500,317,0.566000
Memory 190,500,317,0.554000
Memory 200,500,317,0.494000
Memory 10,500,322,1.000000
Memory 20,500,322,1.000000
Memory 30,500,322,1.000000
Memory 40,500,322,1.000000
Memory 50,500,322,1.000000
Memory 60,500,322,1.000000
Memory 70,500,322,0.983000
Memory 80,500,322,0.940000
Memory 90,500,322,0.941000
Memory 100,500,322,0.839000
Memory 110,500,322,0.873000
Memory 120,500,322,0.788500
Memory 130,500,322,0.858500
Memory 140,500,322,0.803500
Memory 150,500,322,0.796000
Memory 160,500,322,0.735500
Memory 170,500,322,0.834000
Memory 180,500,322,0.813500
Memory 190,500,322,0.616000
Memory 200,500,322,0.644500
Memory 10,500,322,1.000000
Memory 20,500,322,1.000000
Memory 30,500,322,0.967000
Memory 40,500,322,1.000000
Memory 50,500,322,0.980000
Memory 60,500,322,1.000000
Memory 70,500,322,1.000000
Memory 80,500,322,0.975000
Memory 90,500,322,0.983500
Memory 100,500,322,0.900000
Memory 110,500,322,0.954000
Memory 120,500,322,0.931500
Memory 130,500,322,0.900000
Memory 140,500,322,0.917000
Memory 150,500,322,0.874000
Memory 160,500,322,0.893500
Memory 170,500,322,0.795500
Memory 180,500,322,0.806000
Memory 190,500,322,0.844000
Memory 200,500,322,0.664500
Memory 10,500,322,1.000000
Memory 20,500,322,0.821500
Memory 30,500,322,0.606500
Memory 40,500,322,0.577000
Memory 50,500,322,0.528000
Memory 60,500,322,0.603000
Memory 70,500,322,0.606500
Memory 80,500,322,0.579500
Memory 90,500,322,0.569000
Memory 100,500,322,0.620000
Memory 110,500,322,0.581000
Memory 120,500,322,0.552500
Memory 130,500,322,0.576000
Memory 140,500,322,0.541500
Memory 150,500,322,0.491000
Memory 160,500,322,0.611500
Memory 170,500,322,0.530000
Memory 180,500,322,0.585500
Memory 190,500,322,0.574500
Memory 200,500,322,0.511000
Memory 10,500,608,1.000000
Memory 20,500,608,1.000000
Memory 30,500,608,1.000000
Memory 40,500,608,1.000000
Memory 50,500,608,1.000000
Memory 60,500,608,1.000000
Memory 70,500,608,0.994000
Memory 80,500,608,0.947500
Memory 90,500,608,0.958000
Memory 100,500,608,0.856000
Memory 110,500,608,0.880500
Memory 120,500,608,0.812000
Memory 130,500,608,0.852000
Memory 140,500,608,0.818500
Memory 150,500,608,0.812000
Memory 160,500,608,0.753500
Memory 170,500,608,0.837000
Memory 180,500,608,0.795500
Memory 190,500,608,0.607500
Memory 200,500,608,0.642000
Memory 10,500,608,1.000000
Memory 20,500,608,1.000000
Memory 30,500,608,0.967000
Memory 40,500,608,1.000000
Memory 50,500,608,0.980000
Memory 60,500,608,1.000000
Memory 70,500,608,1.000000
Memory 80,500,608,0.975000
Memory 90,500,608,0.989000
Memory 100,500,608,0.905000
Memory 110,500,608,0.940500
Memory 120,500,608,0.935500
Memory 130,500,608,0.887000
Memory 140,500,608,0.907000
Memory 150,500,608,0.878000
Memory 160,500,608,0.895500
Memory 170,500,608,0.782000
Memory 180,500,608,0.831500
Memory 190,500,608,0.824000
Memory 200,500,608,0.771000
Memory 10,500,608,1.000000
Memory 20,500,608,0.839500
Memory 30,500,608,0.608000
Memory 40,500,608,0.555000
Memory 50,500,608,0.529500
Memory 60,500,608,0.584000
Memory 70,500,608,0.581500
Memory 80,500,608,0.570500
Memory 90,500,608,0.553500
Memory 100,500,608,0.585500
Memory 110,500,608,0.596500
Memory 120,500,608,0.531000
Memory 130,500,608,0.555000
Memory 140,500,608,0.542000
Memory 150,500,608,0.504000
Memory 160,500,608,0.576000
Memory 170,500,608,0.501500
Memory 180,500,608,0.567000
Memory 190,500,608,0.538000
Memory 200,500,608,0.490500
Memory 10,500,812,1.000000
Memory 20,500,812,1.000000
Memory 30,500,812,1.000000
Memory 40,500,812,1.000000
Memory 50,500,812,1.000000
Memory 60,500,812,1.000000
Memory 70,500,812,0.991500
Memory 80,500,812,0.940000
Memory 90,500,812,0.945000
Memory 100,500,812,0.838000
Memory 110,500,812,0.878500
Memory 120,500,812,0.789000
Memory 130,500,812,0.858000
Memory 140,500,812,0.818500
Memory 150,500,812,0.816000
Memory 160,500,812,0.759000
Memory 170,500,812,0.841000
Memory 180,500,812,0.809500
Memory 190,500,812,0.600500
Memory 200,500,812,0.679500
Memory 10,500,812,1.000000
Memory 20,500,812,1.000000
Memory 30,500,812,0.967000
Memory 40,500,812,1.000000
Memory 50,500,812,0.980000
Memory 60,500,812,1.000000
Memory 70,500,812,1.000000
Memory 80,500,812,0.975000
Memory 90,500,812,0.989000
Memory 100,500,812,0.920000
Memory 110,500,812,0.949500
Memory 120,500,812,0.927000
Memory 130,500,812,0.900500
Memory 140,500,812,0.919500
Memory 150,500,812,0.877500
Memory 160,500,812,0.914500
Memory 170,500,812,0.781500
Memory 180,500,812,0.815000
Memory 190,500,812,0.830500
Memory 200,500,812,0.703000
Memory 10,500,812,1.000000
Memory 20,500,812,0.807500
Memory 30,500,812,0.611000
Memory 40,500,812,0.573000
Memory 50,500,812,0.573000
Memory 60,500,812,0.575000
Memory 70,500,812,0.586000
Memory 80,500,812,0.549000
Memory 90,500,812,0.590000
Memory 100,500,812,0.576000
Memory 110,500,812,0.596500
Memory 120,500,812,0.544500
Memory 130,500,812,0.576000
Memory 140,500,812,0.524500
Memory 150,500,812,0.503500
Memory 160,500,812,0.602000
Memory 170,500,812,0.519500
Memory 180,500,812,0.577000
Memory 190,500,812,0.581000
Memory 200,500,812,0.502000
Memory 10,500,713,1.000000
Memory 20,500,713,1.000000
Memory 30,500,713,1.000000
Memory 40,500,713,1.000000
Memory 50,500,713,1.000000
Memory 60,500,713,1.000000
Memory 70,500,713,0.997000
Memory 80,500,713,0.947500
Memory 90,500,713,0.957500
Memory 100,500,713,0.852000
Memory 110,500,713,0.873500
Memory 120,500,713,0.805000
Memory 130,500,713,0.853500
Memory 140,500,713,0.813000
Memory 150,500,713,0.818500
Memory 160,500,713,0.746500
Memory 170,500,713,0.827500
Memory 180,500,713,0.809500
Memory 190,500,713,0.599000
Memory 200,500,713,0.658000
Memory 10,500,713,1.000000
Memory 20,500,713,1.000000
Memory 30,500,713,0.967000
Memory 40,500,713,1.000000
Memory 50,500,713,0.980000
Memory 60,500,713,1.000000
Memory 70,500,713,1.000000
Memory 80,500,713,0.975000
Memory 90,500,713,0.983500
Memory 100,500,713,0.910000
Memory 110,500,713,0.945000
Memory 120,500,713,0.925500
Memory 130,500,713,0.883500
Memory 140,500,713,0.908500
Memory 150,500,713,0.881000
Memory 160,500,713,0.887500
Memory 170,500,713,0.840000
Memory 180,500,713,0.799000
Memory 190,500,713,0.855000
Memory 200,500,713,0.672500
Memory 10,500,713,1.000000
Memory 20,500,713,0.814500
Memory 30,500,713,0.605500
Memory 40,500,713,0.577000
Memory 50,500,713,0.549000
Memory 60,500,713,0.582500
Memory 70,500,713,0.563500
Memory 80,500,713,0.572500
Memory 90,500,713,0.566500
Memory 100,500,713,0.595000
Memory 110,500,713,0.587000
Memory 120,500,713,0.547500
Memory 130,500,713,0.587000
Memory 140,500,713,0.531500
Memory 150,500,713,0.506000
Memory 160,500,713,0.612000
Memory 170,500,713,0.516000
Memory 180,500,713,0.596500
Memory 190,500,713,0.574000
Memory 200,500,713,0.508500
Memory 10,500,103,1.000000
Memory 20,500,103,1.000000
Memory 30,500,103,1.000000
Memory 40,500,103,1.000000
Memory 50,500,103,1.000000
Memory 60,500,103,1.000000
Memory 70,500,103,0.997000
Memory 80,500,103,0.942500
Memory 90,500,103,0.942000
Memory 100,500,103,0.851000
Memory 110,500,103,0.860500
Memory 120,500,103,0.809000
Memory 130,500,103,0.839000
Memory 140,500,103,0.803500
Memory 150,500,103,0.814000
Memory 160,500,103,0.766000
Memory 170,500,103,0.836000
Memory 180,500,103,0.805000
Memory 190,500,103,0.604000
Memory 200,500,103,0.666000
Memory 10,500,103,1.000000
Memory 20,500,103,1.000000
Memory 30,500,103,0.967000
Memory 40,500,103,1.000000
Memory 50,500,103,0.980000
Memory 60,500,103,1.000000
Memory 70,500,103,1.000000
Memory 80,500,103,0.975000
Memory 90,500,103,0.989000
Memory 100,500,103,0.915000
Memory 110,500,103,0.949500
Memory 120,500,103,0.924500
Memory 130,500,103,0.894500
Memory 140,500,103,0.923500
Memory 150,500,103,0.883000
Memory 160,500,103,0.885500
Memory 170,500,103,0.856500
Memory 180,500,103,0.806000
Memory 190,500,103,0.823500
Memory 200,500,103,0.647000
Memory 10,500,103,1.000000
Memory 20,500,103,0.811000
Memory 30,500,103,0.605000
Memory 40,500,103,0.548500
Memory 50,500,103,0.522500
Memory 60,500,103,0.586000
Memory 70,500,103,0.576000
Memory 80,500,103,0.568500
Memory 90,500,103,0.581000
Memory 100,500,103,0.592000
Memory 110,500,103,0.575500
Memory 120,500,103,0.542000
Memory 130,500,103,0.572000
Memory 140,500,103,0.541500
Memory 150,500,103,0.502000
Memory 160,500,103,0.625500
Memory 170,500,103,0.510500
Memory 180,500,103,0.569500
Memory 190,500,103,0.555500
Memory 200,500,103,0.488500
Memory 10,500,780,1.000000
Memory 20,500,780,1.000000
Memory 30,500,780,1.000000
Memory 40,500,780,1.000000
Memory 50,500,780,1.000000
Memory 60,500,780,1.000000
Memory 70,500,780,0.997000
Memory 80,500,780,0.955000
Memory 90,500,780,0.950500
Memory 100,500,780,0.873000
Memory 110,500,780,0.886500
Memory 120,500,780,0.795000
Memory 130,500,780,0.838500
Memory 140,500,780,0.817500
Memory 150,500,780,0.809500
Memory 160,500,780,0.771000
Memory 170,500,780,0.831500
Memory 180,500,780,0.800000
Memory 190,500,780,0.597000
Memory 200,500,780,0.669500
Memory 10,500,780,1.000000
Memory 20,500,780,1.000000
Memory 30,500,780,0.967000
Memory 40,500,780,1.000000
Memory 50,500,780,0.980000
Memory 60,500,780,1.000000
Memory 70,500,780,1.000000
Memory 80,500,780,0.975000
Memory 90,500,780,0.989000
Memory 100,500,780,0.920000
Memory 110,500,780,0.949500
Memory 120,500,780,0.924500
Memory 130,500,780,0.878500
Memory 140,500,780,0.921000
Memory 150,500,780,0.869500
Memory 160,500,780,0.900500
Memory 170,500,780,0.850500
Memory 180,500,780,0.812000
Memory 190,500,780,0.830500
Memory 200,500,780,0.686000
Memory 10,500,780,1.000000
Memory 20,500,780,0.828500
Memory 30,500,780,0.598000
Memory 40,500,780,0.561000
Memory 50,500,780,0.561500
Memory 60,500,780,0.597000
Memory 70,500,780,0.585500
Memory 80,500,780,0.568000
Memory 90,500,780,0.585000
Memory 100,500,780,0.592000
Memory 110,500,780,0.578000
Memory 120,500,780,0.549500
Memory 130,500,780,0.571500
Memory 140,500,780,0.533500
Memory 150,500,780,0.514500
Memory 160,500,780,0.596500
Memory 170,500,780,0.526000
Memory 180,500,780,0.576500
Memory 190,500,780,0.590000
Memory 200,500,780,0.524500
