Memory 10,100,34,1.000000
Memory 20,100,34,1.000000
Memory 30,100,34,0.974000
Memory 40,100,34,0.915500
Memory 50,100,34,0.848500
Memory 60,100,34,0.868500
Memory 70,100,34,0.821000
Memory 80,100,34,0.786000
Memory 90,100,34,0.792500
Memory 100,100,34,0.753500
Memory 110,100,34,0.755500
Memory 120,100,34,0.730000
Memory 130,100,34,0.742500
Memory 140,100,34,0.696500
Memory 150,100,34,0.725000
Memory 160,100,34,0.719000
Memory 170,100,34,0.776000
Memory 180,100,34,0.761000
Memory 190,100,34,0.672500
Memory 200,100,34,0.699000
Memory 10,100,34,1.000000
Memory 20,100,34,1.000000
Memory 30,100,34,0.967000
Memory 40,100,34,0.975000
Memory 50,100,34,0.980000
Memory 60,100,34,0.925500
Memory 70,100,34,0.885000
Memory 80,100,34,0.937500
Memory 90,100,34,0.883000
Memory 100,100,34,0.910000
Memory 110,100,34,0.927000
Memory 120,100,34,0.914500
Memory 130,100,34,0.891500
Memory 140,100,34,0.938000
Memory 150,100,34,0.905000
Memory 160,100,34,0.901500
Memory 170,100,34,0.780000
Memory 180,100,34,0.836000
Memory 190,100,34,0.847500
Memory 200,100,34,0.653500
Memory 10,100,81,1.000000
Memory 20,100,81,1.000000
Memory 30,100,81,0.967000
Memory 40,100,81,0.925500
Memory 50,100,81,0.880000
Memory 60,100,81,0.868500
Memory 70,100,81,0.845000
Memory 80,100,81,0.780500
Memory 90,100,81,0.789000
Memory 100,100,81,0.735500
Memory 110,100,81,0.762500
Memory 120,100,81,0.737000
Memory 130,100,81,0.731500
Memory 140,100,81,0.695500
Memory 150,100,81,0.727500
Memory 160,100,81,0.698000
Memory 170,100,81,0.754500
Memory 180,100,81,0.763500
Memory 190,100,81,0.675000
Memory 200,100,81,0.686500
Memory 10,100,81,1.000000
Memory 20,100,81,1.000000
Memory 30,100,81,0.967000
Memory 40,100,81,0.975000
Memory 50,100,81,0.980000
Memory 60,100,81,0.925000
Memory 70,100,81,0.878000
Memory 80,100,81,0.943500
Memory 90,100,81,0.871500
Memory 100,100,81,0.910000
Memory 110,100,81,0.927000
Memory 120,100,81,0.906000
Memory 130,100,81,0.896000
Memory 140,100,81,0.934500
Memory 150,100,81,0.905500
Memory 160,100,81,0.912500
Memory 170,100,81,0.852500
Memory 180,100,81,0.829500
Memory 190,100,81,0.824000
Memory 200,100,81,0.720500
Memory 10,100,62,1.000000
Memory 20,100,62,1.000000
Memory 30,100,62,0.987000
Memory 40,100,62,0.920500
Memory 50,100,62,0.884000
Memory 60,100,62,0.886500
Memory 70,100,62,0.813000
Memory 80,100,62,0.783500
Memory 90,100,62,0.801500
Memory 100,100,62,0.738000
Memory 110,100,62,0.784000
Memory 120,100,62,0.728500
Memory 130,100,62,0.753500
Memory 140,100,62,0.707000
Memory 150,100,62,0.737500
Memory 160,100,62,0.712000
Memory 170,100,62,0.753500
Memory 180,100,62,0.773500
Memory 190,100,62,0.659000
Memory 200,100,62,0.680000
Memory 10,100,62,1.000000
Memory 20,100,62,1.000000
Memory 30,100,62,0.967000
Memory 40,100,62,0.975000
Memory 50,100,62,0.980000
Memory 60,100,62,0.950500
Memory 70,100,62,0.871000
Memory 80,100,62,0.943500
Memory 90,100,62,0.900000
Memory 100,100,62,0.910000
Memory 110,100,62,0.927000
Memory 120,100,62,0.898000
Memory 130,100,62,0.894500
Memory 140,100,62,0.940000
Memory 150,100,62,0.904000
Memory 160,100,62,0.921500
Memory 170,100,62,0.829500
Memory 180,100,62,0.828500
Memory 190,100,62,0.836500
Memory 200,100,62,0.688500
Memory 10,100,19,1.000000
Memory 20,100,19,1.000000
Memory 30,100,19,0.967500
Memory 40,100,19,0.925500
Memory 50,100,19,0.872000
Memory 60,100,19,0.866000
Memory 70,100,19,0.818500
Memory 80,100,19,0.771000
Memory 90,100,19,0.794500
Memory 100,100,19,0.746000
Memory 110,100,19,0.771000
Memory 120,100,19,0.715500
Memory 130,100,19,0.744500
Memory 140,100,19,0.698000
Memory 150,100,19,0.731500
Memory 160,100,19,0.719000
Memory 170,100,19,0.754000
Memory 180,100,19,0.756000
Memory 190,100,19,0.652500
Memory 200,100,19,0.683500
Memory 10,100,19,1.000000
Memory 20,100,19,1.000000
Memory 30,100,19,0.967000
Memory 40,100,19,0.975000
Memory 50,100,19,0.980000
Memory 60,100,19,0.925000
Memory 70,100,19,0.878000
Memory 80,100,19,0.943500
Memory 90,100,19,0.894000
Memory 100,100,19,0.915000
Memory 110,100,19,0.922500
Memory 120,100,19,0.914500
Memory 130,100,19,0.894000
Memory 140,100,19,0.938000
Memory 150,100,19,0.903000
Memory 160,100,19,0.914500
Memory 170,100,19,0.779000
Memory 180,100,19,0.828000
Memory 190,100,19,0.836000
Memory 200,100,19,0.810000
Memory 10,100,39,1.000000
Memory 20,100,39,1.000000
Memory 30,100,39,0.954500
Memory 40,100,39,0.925500
Memory 50,100,39,0.896000
Memory 60,100,39,0.872500
Memory 70,100,39,0.837500
Memory 80,100,39,0.780500
Memory 90,100,39,0.793000
Memory 100,100,39,0.774000
Memory 110,100,39,0.767500
Memory 120,100,39,0.714000
Memory 130,100,39,0.754000
Memory 140,100,39,0.704000
Memory 150,100,39,0.730000
Memory 160,100,39,0.706000
Memory 170,100,39,0.761000
Memory 180,100,39,0.764000
Memory 190,100,39,0.656500
Memory 200,100,39,0.690000
Memory 10,100,39,1.000000
Memory 20,100,39,1.000000
Memory 30,100,39,0.967000
Memory 40,100,39,0.975000
Memory 50,100,39,0.980000
Memory 60,100,39,0.933500
Memory 70,100,39,0.885000
Memory 80,100,39,0.937500
Memory 90,100,39,0.899000
Memory 100,100,39,0.905000
Memory 110,100,39,0.927000
Memory 120,100,39,0.894000
Memory 130,100,39,0.890500
Memory 140,100,39,0.935500
Memory 150,100,39,0.901000
Memory 160,100,39,0.902000
Memory 170,100,39,0.777000
Memory 180,100,39,0.822000
Memory 190,100,39,0.840000
Memory 200,100,39,0.777000
Memory 10,100,38,1.000000
Memory 20,100,38,1.000000
Memory 30,100,38,0.960500
Memory 40,100,38,0.910500
Memory 50,100,38,0.905000
Memory 60,100,38,0.872500
Memory 70,100,38,0.846000
Memory 80,100,38,0.808000
Memory 90,100,38,0.784500
Memory 100,100,38,0.744000
Memory 110,100,38,0.766500
Memory 120,100,38,0.736500
Memory 130,100,38,0.731000
Memory 140,100,38,0.698500
Memory 150,100,38,0.721500
Memory 160,100,38,0.692000
Memory 170,100,38,0.759500
Memory 180,100,38,0.768000
Memory 190,100,38,0.659500
Memory 200,100,38,0.684500
Memory 10,100,38,1.000000
Memory 20,100,38,1.000000
Memory 30,100,38,0.967000
Memory 40,100,38,0.975000
Memory 50,100,38,0.980000
Memory 60,100,38,0.950500
Memory 70,100,38,0.892000
Memory 80,100,38,0.937500
Memory 90,100,38,0.882000
Memory 100,100,38,0.915000
Memory 110,100,38,0.936000
Memory 120,100,38,0.890500
Memory 130,100,38,0.898000
Memory 140,100,38,0.936000
Memory 150,100,38,0.909000
Memory 160,100,38,0.909000
Memory 170,100,38,0.777000
Memory 180,100,38,0.821500
Memory 190,100,38,0.831500
Memory 200,100,38,0.759000
Memory 10,100,66,1.000000
Memory 20,100,66,1.000000
Memory 30,100,66,0.980500
Memory 40,100,66,0.910500
Memory 50,100,66,0.904000
Memory 60,100,66,0.887000
Memory 70,100,66,0.829000
Memory 80,100,66,0.796000
Memory 90,100,66,0.795500
Memory 100,100,66,0.751000
Memory 110,100,66,0.762000
Memory 120,100,66,0.739000
Memory 130,100,66,0.746500
Memory 140,100,66,0.716000
Memory 150,100,66,0.749000
Memory 160,100,66,0.724500
Memory 170,100,66,0.763000
Memory 180,100,66,0.772000
Memory 190,100,66,0.665000
Memory 200,100,66,0.690500
Memory 10,100,66,1.000000
Memory 20,100,66,1.000000
Memory 30,100,66,0.967000
Memory 40,100,66,0.975000
Memory 50,100,66,0.980000
Memory 60,100,66,0.917000
Memory 70,100,66,0.871000
Memory 80,100,66,0.931000
Memory 90,100,66,0.888000
Memory 100,100,66,0.920000
Memory 110,100,66,0.931500
Memory 120,100,66,0.914500
Memory 130,100,66,0.897500
Memory 140,100,66,0.932000
Memory 150,100,66,0.910000
Memory 160,100,66,0.912500
Memory 170,100,66,0.851000
Memory 180,100,66,0.817500
Memory 190,100,66,0.828000
Memory 200,100,66,0.820000
Memory 10,100,46,1.000000
Memory 20,100,46,1.000000
Memory 30,100,46,0.960000
Memory 40,100,46,0.930000
Memory 50,100,46,0.888000
Memory 60,100,46,0.866500
Memory 70,100,46,0.844500
Memory 80,100,46,0.781000
Memory 90,100,46,0.795000
Memory 100,100,46,0.759500
Memory 110,100,46,0.761000
Memory 120,100,46,0.728500
Memory 130,100,46,0.737000
Memory 140,100,46,0.706000
Memory 150,100,46,0.746000
Memory 160,100,46,0.711500
Memory 170,100,46,0.757500
Memory 180,100,46,0.763500
Memory 190,100,46,0.662000
Memory 200,100,46,0.683000
Memory 10,100,46,1.000000
Memory 20,100,46,1.000000
Memory 30,100,46,0.967000
Memory 40,100,46,0.987500
Memory 50,100,46,0.980000
Memory 60,100,46,0.909000
Memory 70,100,46,0.906500
Memory 80,100,46,0.943500
Memory 90,100,46,0.893500
Memory 100,100,46,0.910000
Memory 110,100,46,0.936000
Memory 120,100,46,0.906000
Memory 130,100,46,0.895000
Memory 140,100,46,0.938500
Memory 150,100,46,0.904500
Memory 160,100,46,0.911500
Memory 170,100,46,0.778000
Memory 180,100,46,0.823500
Memory 190,100,46,0.836000
Memory 200,100,46,0.819500
Memory 10,100,74,1.000000
Memory 20,100,74,1.000000
Memory 30,100,74,0.987000
Memory 40,100,74,0.940500
Memory 50,100,74,0.888500
Memory 60,100,74,0.890000
Memory 70,100,74,0.867500
Memory 80,100,74,0.779000
Memory 90,100,74,0.802500
Memory 100,100,74,0.756500
Memory 110,100,74,0.769000
Memory 120,100,74,0.730000
Memory 130,100,74,0.741000
Memory 140,100,74,0.689000
Memory 150,100,74,0.723500
Memory 160,100,74,0.728000
Memory 170,100,74,0.769500
Memory 180,100,74,0.765000
Memory 190,100,74,0.661500
Memory 200,100,74,0.695500
Memory 10,100,74,1.000000
Memory 20,100,74,1.000000
Memory 30,100,74,0.967000
Memory 40,100,74,0.975000
Memory 50,100,74,0.980000
Memory 60,100,74,0.933000
Memory 70,100,74,0.884500
Memory 80,100,74,0.944000
Memory 90,100,74,0.893500
Memory 100,100,74,0.915000
Memory 110,100,74,0.927000
Memory 120,100,74,0.902000
Memory 130,100,74,0.881500
Memory 140,100,74,0.935000
Memory 150,100,74,0.910000
Memory 160,100,74,0.908000
Memory 170,100,74,0.789000
Memory 180,100,74,0.832000
Memory 190,100,74,0.838000
Memory 200,100,74,0.808500
Memory 10,100,49,1.000000
Memory 20,100,49,1.000000
Memory 30,100,49,0.980500
Memory 40,100,49,0.915500
Memory 50,100,49,0.900000
Memory 60,100,49,0.858500
Memory 70,100,49,0.835000
Memory 80,100,49,0.771000
Memory 90,100,49,0.801000
Memory 100,100,49,0.741500
Memory 110,100,49,0.763000
Memory 120,100,49,0.729000
Memory 130,100,49,0.745000
Memory 140,100,49,0.695500
Memory 150,100,49,0.737000
Memory 160,100,49,0.719500
Memory 170,100,49,0.769500
Memory 180,100,49,0.753000
Memory 190,100,49,0.659000
Memory 200,100,49,0.687500
Memory 10,100,49,1.000000
Memory 20,100,49,1.000000
Memory 30,100,49,0.967000
Memory 40,100,49,0.975000
Memory 50,100,49,0.980000
Memory 60,100,49,0.900500
Memory 70,100,49,0.885000
Memory 80,100,49,0.950000
Memory 90,100,49,0.866000
Memory 100,100,49,0.910000
Memory 110,100,49,0.922000
Memory 120,100,49,0.906000
Memory 130,100,49,0.891500
Memory 140,100,49,0.937500
Memory 150,100,49,0.902500
Memory 160,100,49,0.909500
Memory 170,100,49,0.777000
Memory 180,100,49,0.813000
Memory 190,100,49,0.839000
Memory 200,100,49,0.698000
Memory 10,200,85,1.000000
Memory 20,200,85,1.000000
Memory 30,200,85,1.000000
Memory 40,200,85,1.000000
Memory 50,200,85,1.000000
Memory 60,200,85,0.965500
Memory 70,200,85,0.924000
Memory 80,200,85,0.847500
Memory 90,200,85,0.856500
Memory 100,200,85,0.796500
Memory 110,200,85,0.830000
Memory 120,200,85,0.755500
Memory 130,200,85,0.783000
Memory 140,200,85,0.729500
Memory 150,200,85,0.766500
Memory 160,200,85,0.735500
Memory 170,200,85,0.784000
Memory 180,200,85,0.787000
Memory 190,200,85,0.633000
Memory 200,200,85,0.689500
Memory 10,200,85,1.000000
Memory 20,200,85,1.000000
Memory 30,200,85,0.967000
Memory 40,200,85,1.000000
Memory 50,200,85,0.980000
Memory 60,200,85,1.000000
Memory 70,200,85,0.986000
Memory 80,200,85,0.956500
Memory 90,200,85,0.956000
Memory 100,200,85,0.915000
Memory 110,200,85,0.922500
Memory 120,200,85,0.924000
Memory 130,200,85,0.885500
Memory 140,200,85,0.934000
Memory 150,200,85,0.903000
Memory 160,200,85,0.888500
Memory 170,200,85,0.785000
Memory 180,200,85,0.829000
Memory 190,200,85,0.851000
Memory 200,200,85,0.671000
Memory 10,200,41,1.000000
Memory 20,200,41,1.000000
Memory 30,200,41,1.000000
Memory 40,200,41,0.990000
Memory 50,200,41,0.980000
Memory 60,200,41,0.959500
Memory 70,200,41,0.899000
Memory 80,200,41,0.838500
Memory 90,200,41,0.838000
Memory 100,200,41,0.791500
Memory 110,200,41,0.807500
Memory 120,200,41,0.747500
Memory 130,200,41,0.780500
Memory 140,200,41,0.730000
Memory 150,200,41,0.747500
Memory 160,200,41,0.727000
Memory 170,200,41,0.795500
Memory 180,200,41,0.774500
Memory 190,200,41,0.653500
Memory 200,200,41,0.685500
Memory 10,200,41,1.000000
Memory 20,200,41,1.000000
Memory 30,200,41,0.967000
Memory 40,200,41,0.987500
Memory 50,200,41,0.980000
Memory 60,200,41,0.991500
Memory 70,200,41,0.957000
Memory 80,200,41,0.950000
Memory 90,200,41,0.956000
Memory 100,200,41,0.915000
Memory 110,200,41,0.936000
Memory 120,200,41,0.898000
Memory 130,200,41,0.895000
Memory 140,200,41,0.932500
Memory 150,200,41,0.906500
Memory 160,200,41,0.897000
Memory 170,200,41,0.778000
Memory 180,200,41,0.820500
Memory 190,200,41,0.845000
Memory 200,200,41,0.683000
Memory 10,200,98,1.000000
Memory 20,200,98,1.000000
Memory 30,200,98,1.000000
Memory 40,200,98,1.000000
Memory 50,200,98,0.996000
Memory 60,200,98,0.956500
Memory 70,200,98,0.927500
Memory 80,200,98,0.848000
Memory 90,200,98,0.839000
Memory 100,200,98,0.795000
Memory 110,200,98,0.818000
Memory 120,200,98,0.760000
Memory 130,200,98,0.770500
Memory 140,200,98,0.745000
Memory 150,200,98,0.758500
Memory 160,200,98,0.721500
Memory 170,200,98,0.779500
Memory 180,200,98,0.784500
Memory 190,200,98,0.654000
Memory 200,200,98,0.680500
Memory 10,200,98,1.000000
Memory 20,200,98,1.000000
Memory 30,200,98,0.967000
Memory 40,200,98,0.975000
Memory 50,200,98,0.980000
Memory 60,200,98,0.983500
Memory 70,200,98,0.971000
Memory 80,200,98,0.950000
Memory 90,200,98,0.950500
Memory 100,200,98,0.905000
Memory 110,200,98,0.927000
Memory 120,200,98,0.922500
Memory 130,200,98,0.893500
Memory 140,200,98,0.933500
Memory 150,200,98,0.911500
Memory 160,200,98,0.905500
Memory 170,200,98,0.855000
Memory 180,200,98,0.823500
Memory 190,200,98,0.844000
Memory 200,200,98,0.690500
Memory 10,200,46,1.000000
Memory 20,200,46,1.000000
Memory 30,200,46,1.000000
Memory 40,200,46,1.000000
Memory 50,200,46,1.000000
Memory 60,200,46,0.963000
Memory 70,200,46,0.916500
Memory 80,200,46,0.848500
Memory 90,200,46,0.842000
Memory 100,200,46,0.791500
Memory 110,200,46,0.816500
Memory 120,200,46,0.760500
Memory 130,200,46,0.767500
Memory 140,200,46,0.744000
Memory 150,200,46,0.758000
Memory 160,200,46,0.729500
Memory 170,200,46,0.787500
Memory 180,200,46,0.777000
Memory 190,200,46,0.649500
Memory 200,200,46,0.697500
Memory 10,200,46,1.000000
Memory 20,200,46,1.000000
Memory 30,200,46,0.967000
Memory 40,200,46,0.987500
Memory 50,200,46,0.980000
Memory 60,200,46,0.991500
Memory 70,200,46,0.978500
Memory 80,200,46,0.962500
Memory 90,200,46,0.950500
Memory 100,200,46,0.920000
Memory 110,200,46,0.931500
Memory 120,200,46,0.911500
Memory 130,200,46,0.897000
Memory 140,200,46,0.929500
Memory 150,200,46,0.897000
Memory 160,200,46,0.905000
Memory 170,200,46,0.785000
Memory 180,200,46,0.826500
Memory 190,200,46,0.863000
Memory 200,200,46,0.821000
Memory 10,200,94,1.000000
Memory 20,200,94,1.000000
Memory 30,200,94,1.000000
Memory 40,200,94,1.000000
Memory 50,200,94,1.000000
Memory 60,200,94,0.959000
Memory 70,200,94,0.922500
Memory 80,200,94,0.841000
Memory 90,200,94,0.832000
Memory 100,200,94,0.772000
Memory 110,200,94,0.818500
Memory 120,200,94,0.750500
Memory 130,200,94,0.786000
Memory 140,200,94,0.720000
Memory 150,200,94,0.786000
Memory 160,200,94,0.720500
Memory 170,200,94,0.794500
Memory 180,200,94,0.774000
Memory 190,200,94,0.644000
Memory 200,200,94,0.692000
Memory 10,200,94,1.000000
Memory 20,200,94,1.000000
Memory 30,200,94,0.967000
Memory 40,200,94,1.000000
Memory 50,200,94,0.980000
Memory 60,200,94,1.000000
Memory 70,200,94,0.978500
Memory 80,200,94,0.962500
Memory 90,200,94,0.956000
Memory 100,200,94,0.900000
Memory 110,200,94,0.918000
Memory 120,200,94,0.908000
Memory 130,200,94,0.901500
Memory 140,200,94,0.937500
Memory 150,200,94,0.908500
Memory 160,200,94,0.919500
Memory 170,200,94,0.805000
Memory 180,200,94,0.826500
Memory 190,200,94,0.850000
Memory 200,200,94,0.789500
Memory 10,200,38,1.000000
Memory 20,200,38,1.000000
Memory 30,200,38,1.000000
Memory 40,200,38,1.000000
Memory 50,200,38,0.988000
Memory 60,200,38,0.955500
Memory 70,200,38,0.910500
Memory 80,200,38,0.843000
Memory 90,200,38,0.825000
Memory 100,200,38,0.804500
Memory 110,200,38,0.829000
Memory 120,200,38,0.749000
Memory 130,200,38,0.770500
Memory 140,200,38,0.733500
Memory 150,200,38,0.753500
Memory 160,200,38,0.711000
Memory 170,200,38,0.787000
Memory 180,200,38,0.770500
Memory 190,200,38,0.655500
Memory 200,200,38,0.681500
Memory 10,200,38,1.000000
Memory 20,200,38,1.000000
Memory 30,200,38,0.967000
Memory 40,200,38,1.000000
Memory 50,200,38,0.980000
Memory 60,200,38,0.991500
Memory 70,200,38,0.971500
Memory 80,200,38,0.956500
Memory 90,200,38,0.961500
Memory 100,200,38,0.905000
Memory 110,200,38,0.922500
Memory 120,200,38,0.919000
Memory 130,200,38,0.889000
Memory 140,200,38,0.928000
Memory 150,200,38,0.903500
Memory 160,200,38,0.886500
Memory 170,200,38,0.777500
Memory 180,200,38,0.828000
Memory 190,200,38,0.842000
Memory 200,200,38,0.673500
Memory 10,200,36,1.000000
Memory 20,200,36,1.000000
Memory 30,200,36,1.000000
Memory 40,200,36,1.000000
Memory 50,200,36,0.984000
Memory 60,200,36,0.965500
Memory 70,200,36,0.910000
Memory 80,200,36,0.848000
Memory 90,200,36,0.840000
Memory 100,200,36,0.787500
Memory 110,200,36,0.815000
Memory 120,200,36,0.753500
Memory 130,200,36,0.774000
Memory 140,200,36,0.738000
Memory 150,200,36,0.757000
Memory 160,200,36,0.727000
Memory 170,200,36,0.792500
Memory 180,200,36,0.777000
Memory 190,200,36,0.641000
Memory 200,200,36,0.674500
Memory 10,200,36,1.000000
Memory 20,200,36,1.000000
Memory 30,200,36,0.967000
Memory 40,200,36,1.000000
Memory 50,200,36,0.980000
Memory 60,200,36,1.000000
Memory 70,200,36,0.971500
Memory 80,200,36,0.956500
Memory 90,200,36,0.950500
Memory 100,200,36,0.905000
Memory 110,200,36,0.931500
Memory 120,200,36,0.911500
Memory 130,200,36,0.895000
Memory 140,200,36,0.932500
Memory 150,200,36,0.907000
Memory 160,200,36,0.697500
Memory 170,200,36,0.779000
Memory 180,200,36,0.821500
Memory 190,200,36,0.851500
Memory 200,200,36,0.812000
Memory 10,200,69,1.000000
Memory 20,200,69,1.000000
Memory 30,200,69,1.000000
Memory 40,200,69,1.000000
Memory 50,200,69,0.992000
Memory 60,200,69,0.956000
Memory 70,200,69,0.927500
Memory 80,200,69,0.860500
Memory 90,200,69,0.836500
Memory 100,200,69,0.778000
Memory 110,200,69,0.821500
Memory 120,200,69,0.764500
Memory 130,200,69,0.781500
Memory 140,200,69,0.723500
Memory 150,200,69,0.769000
Memory 160,200,69,0.728500
Memory 170,200,69,0.774000
Memory 180,200,69,0.788000
Memory 190,200,69,0.637000
Memory 200,200,69,0.682500
Memory 10,200,69,1.000000
Memory 20,200,69,1.000000
Memory 30,200,69,0.967000
Memory 40,200,69,1.000000
Memory 50,200,69,0.980000
Memory 60,200,69,0.991500
Memory 70,200,69,0.964000
Memory 80,200,69,0.956500
Memory 90,200,69,0.950500
Memory 100,200,69,0.915000
Memory 110,200,69,0.931500
Memory 120,200,69,0.918500
Memory 130,200,69,0.894500
Memory 140,200,69,0.934000
Memory 150,200,69,0.908000
Memory 160,200,69,0.914500
Memory 170,200,69,0.797500
Memory 180,200,69,0.812000
Memory 190,200,69,0.832000
Memory 200,200,69,0.700000
Memory 10,200,94,1.000000
Memory 20,200,94,1.000000
Memory 30,200,94,1.000000
Memory 40,200,94,1.000000
Memory 50,200,94,1.000000
Memory 60,200,94,0.959000
Memory 70,200,94,0.922500
Memory 80,200,94,0.841000
Memory 90,200,94,0.832000
Memory 100,200,94,0.772000
Memory 110,200,94,0.818500
Memory 120,200,94,0.750500
Memory 130,200,94,0.786000
Memory 140,200,94,0.720000
Memory 150,200,94,0.786000
Memory 160,200,94,0.720500
Memory 170,200,94,0.794500
Memory 180,200,94,0.774000
Memory 190,200,94,0.644000
Memory 200,200,94,0.692000
Memory 10,200,94,1.000000
Memory 20,200,94,1.000000
Memory 30,200,94,0.967000
Memory 40,200,94,1.000000
Memory 50,200,94,0.980000
Memory 60,200,94,1.000000
Memory 70,200,94,0.978500
Memory 80,200,94,0.962500
Memory 90,200,94,0.956000
Memory 100,200,94,0.900000
Memory 110,200,94,0.918000
Memory 120,200,94,0.908000
Memory 130,200,94,0.901500
Memory 140,200,94,0.937500
Memory 150,200,94,0.908500
Memory 160,200,94,0.919500
Memory 170,200,94,0.805000
Memory 180,200,94,0.826500
Memory 190,200,94,0.850000
Memory 200,200,94,0.789500
Memory 10,200,38,1.000000
Memory 20,200,38,1.000000
Memory 30,200,38,1.000000
Memory 40,200,38,1.000000
Memory 50,200,38,0.988000
Memory 60,200,38,0.955500
Memory 70,200,38,0.910500
Memory 80,200,38,0.843000
Memory 90,200,38,0.825000
Memory 100,200,38,0.804500
Memory 110,200,38,0.829000
Memory 120,200,38,0.749000
Memory 130,200,38,0.770500
Memory 140,200,38,0.733500
Memory 150,200,38,0.753500
Memory 160,200,38,0.711000
Memory 170,200,38,0.787000
Memory 180,200,38,0.770500
Memory 190,200,38,0.655500
Memory 200,200,38,0.681500
Memory 10,200,38,1.000000
Memory 20,200,38,1.000000
Memory 30,200,38,0.967000
Memory 40,200,38,1.000000
Memory 50,200,38,0.980000
Memory 60,200,38,0.991500
Memory 70,200,38,0.971500
Memory 80,200,38,0.956500
Memory 90,200,38,0.961500
Memory 100,200,38,0.905000
Memory 110,200,38,0.922500
Memory 120,200,38,0.919000
Memory 130,200,38,0.889000
Memory 140,200,38,0.928000
Memory 150,200,38,0.903500
Memory 160,200,38,0.886500
Memory 170,200,38,0.777500
Memory 180,200,38,0.828000
Memory 190,200,38,0.842000
Memory 200,200,38,0.673500
Memory 10,300,36,1.000000
Memory 20,300,36,1.000000
Memory 30,300,36,1.000000
Memory 40,300,36,1.000000
Memory 50,300,36,1.000000
Memory 60,300,36,0.986000
Memory 70,300,36,0.956500
Memory 80,300,36,0.880000
Memory 90,300,36,0.880000
Memory 100,300,36,0.831500
Memory 110,300,36,0.834500
Memory 120,300,36,0.766500
Memory 130,300,36,0.813000
Memory 140,300,36,0.761500
Memory 150,300,36,0.774000
Memory 160,300,36,0.735500
Memory 170,300,36,0.806500
Memory 180,300,36,0.783000
Memory 190,300,36,0.636000
Memory 200,300,36,0.672500
Memory 10,300,36,1.000000
Memory 20,300,36,1.000000
Memory 30,300,36,0.967000
Memory 40,300,36,1.000000
Memory 50,300,36,0.980000
Memory 60,300,36,1.000000
Memory 70,300,36,0.985500
Memory 80,300,36,0.968500
Memory 90,300,36,0.956000
Memory 100,300,36,0.905000
Memory 110,300,36,0.936000
Memory 120,300,36,0.915000
Memory 130,300,36,0.893500
Memory 140,300,36,0.926500
Memory 150,300,36,0.886500
Memory 160,300,36,0.917000
Memory 170,300,36,0.796000
Memory 180,300,36,0.815500
Memory 190,300,36,0.830500
Memory 200,300,36,0.663000
Memory 10,300,10,1.000000
Memory 20,300,10,1.000000
Memory 30,300,10,1.000000
Memory 40,300,10,1.000000
Memory 50,300,10,1.000000
Memory 60,300,10,1.000000
Memory 70,300,10,0.959500
Memory 80,300,10,0.903000
Memory 90,300,10,0.883500
Memory 100,300,10,0.830500
Memory 110,300,10,0.833500
Memory 120,300,10,0.772500
Memory 130,300,10,0.812500
Memory 140,300,10,0.749000
Memory 150,300,10,0.780000
Memory 160,300,10,0.730000
Memory 170,300,10,0.806000
Memory 180,300,10,0.785500
Memory 190,300,10,0.655000
Memory 200,300,10,0.675000
Memory 10,300,10,1.000000
Memory 20,300,10,1.000000
Memory 30,300,10,0.967000
Memory 40,300,10,1.000000
Memory 50,300,10,0.980000
Memory 60,300,10,1.000000
Memory 70,300,10,1.000000
Memory 80,300,10,0.975000
Memory 90,300,10,0.972500
Memory 100,300,10,0.915000
Memory 110,300,10,0.936000
Memory 120,300,10,0.926500
Memory 130,300,10,0.888500
Memory 140,300,10,0.925500
Memory 150,300,10,0.907000
Memory 160,300,10,0.912000
Memory 170,300,10,0.792500
Memory 180,300,10,0.815000
Memory 190,300,10,0.844500
Memory 200,300,10,0.800000
Memory 10,300,91,1.000000
Memory 20,300,91,1.000000
Memory 30,300,91,1.000000
Memory 40,300,91,1.000000
Memory 50,300,91,1.000000
Memory 60,300,91,0.996500
Memory 70,300,91,0.960000
Memory 80,300,91,0.887500
Memory 90,300,91,0.882000
Memory 100,300,91,0.818500
Memory 110,300,91,0.846000
Memory 120,300,91,0.772000
Memory 130,300,91,0.812000
Memory 140,300,91,0.769000
Memory 150,300,91,0.771500
Memory 160,300,91,0.742000
Memory 170,300,91,0.803500
Memory 180,300,91,0.795500
Memory 190,300,91,0.655000
Memory 200,300,91,0.667000
Memory 10,300,91,1.000000
Memory 20,300,91,1.000000
Memory 30,300,91,0.967000
Memory 40,300,91,1.000000
Memory 50,300,91,0.980000
Memory 60,300,91,1.000000
Memory 70,300,91,1.000000
Memory 80,300,91,0.975000
Memory 90,300,91,0.961500
Memory 100,300,91,0.905000
Memory 110,300,91,0.940500
Memory 120,300,91,0.927500
Memory 130,300,91,0.889000
Memory 140,300,91,0.928000
Memory 150,300,91,0.910000
Memory 160,300,91,0.901500
Memory 170,300,91,0.789500
Memory 180,300,91,0.821500
Memory 190,300,91,0.844500
Memory 200,300,91,0.689500
Memory 10,300,53,1.000000
Memory 20,300,53,1.000000
Memory 30,300,53,1.000000
Memory 40,300,53,1.000000
Memory 50,300,53,1.000000
Memory 60,300,53,1.000000
Memory 70,300,53,0.962500
Memory 80,300,53,0.902500
Memory 90,300,53,0.875000
Memory 100,300,53,0.822000
Memory 110,300,53,0.821500
Memory 120,300,53,0.765000
Memory 130,300,53,0.808500
Memory 140,300,53,0.774500
Memory 150,300,53,0.774000
Memory 160,300,53,0.738000
Memory 170,300,53,0.816000
Memory 180,300,53,0.786000
Memory 190,300,53,0.639500
Memory 200,300,53,0.677500
Memory 10,300,53,1.000000
Memory 20,300,53,1.000000
Memory 30,300,53,0.967000
Memory 40,300,53,1.000000
Memory 50,300,53,0.980000
Memory 60,300,53,1.000000
Memory 70,300,53,1.000000
Memory 80,300,53,0.968500
Memory 90,300,53,0.961500
Memory 100,300,53,0.915000
Memory 110,300,53,0.945000
Memory 120,300,53,0.911500
Memory 130,300,53,0.891000
Memory 140,300,53,0.922500
Memory 150,300,53,0.896500
Memory 160,300,53,0.908000
Memory 170,300,53,0.790500
Memory 180,300,53,0.830500
Memory 190,300,53,0.838000
Memory 200,300,53,0.711500
Memory 10,300,13,1.000000
Memory 20,300,13,1.000000
Memory 30,300,13,1.000000
Memory 40,300,13,1.000000
Memory 50,300,13,1.000000
Memory 60,300,13,1.000000
Memory 70,300,13,0.962000
Memory 80,300,13,0.900500
Memory 90,300,13,0.870000
Memory 100,300,13,0.815500
Memory 110,300,13,0.854000
Memory 120,300,13,0.772500
Memory 130,300,13,0.803000
Memory 140,300,13,0.770000
Memory 150,300,13,0.777500
Memory 160,300,13,0.737000
Memory 170,300,13,0.813500
Memory 180,300,13,0.795500
Memory 190,300,13,0.624000
Memory 200,300,13,0.676500
Memory 10,300,13,1.000000
Memory 20,300,13,1.000000
Memory 30,300,13,0.967000
Memory 40,300,13,1.000000
Memory 50,300,13,0.980000
Memory 60,300,13,1.000000
Memory 70,300,13,1.000000
Memory 80,300,13,0.968500
Memory 90,300,13,0.961500
Memory 100,300,13,0.915000
Memory 110,300,13,0.940500
Memory 120,300,13,0.931500
Memory 130,300,13,0.880000
Memory 140,300,13,0.922000
Memory 150,300,13,0.909000
Memory 160,300,13,0.907000
Memory 170,300,13,0.833000
Memory 180,300,13,0.819000
Memory 190,300,13,0.850000
Memory 200,300,13,0.700000
Memory 10,300,10,1.000000
Memory 20,300,10,1.000000
Memory 30,300,10,1.000000
Memory 40,300,10,1.000000
Memory 50,300,10,1.000000
Memory 60,300,10,1.000000
Memory 70,300,10,0.959500
Memory 80,300,10,0.903000
Memory 90,300,10,0.883500
Memory 100,300,10,0.830500
Memory 110,300,10,0.833500
Memory 120,300,10,0.772500
Memory 130,300,10,0.812500
Memory 140,300,10,0.749000
Memory 150,300,10,0.780000
Memory 160,300,10,0.730000
Memory 170,300,10,0.806000
Memory 180,300,10,0.785500
Memory 190,300,10,0.655000
Memory 200,300,10,0.675000
Memory 10,300,10,1.000000
Memory 20,300,10,1.000000
Memory 30,300,10,0.967000
Memory 40,300,10,1.000000
Memory 50,300,10,0.980000
Memory 60,300,10,1.000000
Memory 70,300,10,1.000000
Memory 80,300,10,0.975000
Memory 90,300,10,0.972500
Memory 100,300,10,0.915000
Memory 110,300,10,0.936000
Memory 120,300,10,0.926500
Memory 130,300,10,0.888500
Memory 140,300,10,0.925500
Memory 150,300,10,0.907000
Memory 160,300,10,0.912000
Memory 170,300,10,0.792500
Memory 180,300,10,0.815000
Memory 190,300,10,0.844500
Memory 200,300,10,0.800000
Memory 10,300,91,1.000000
Memory 20,300,91,1.000000
Memory 30,300,91,1.000000
Memory 40,300,91,1.000000
Memory 50,300,91,1.000000
Memory 60,300,91,0.996500
Memory 70,300,91,0.960000
Memory 80,300,91,0.887500
Memory 90,300,91,0.882000
Memory 100,300,91,0.818500
Memory 110,300,91,0.846000
Memory 120,300,91,0.772000
Memory 130,300,91,0.812000
Memory 140,300,91,0.769000
Memory 150,300,91,0.771500
Memory 160,300,91,0.742000
Memory 170,300,91,0.803500
Memory 180,300,91,0.795500
Memory 190,300,91,0.655000
Memory 200,300,91,0.667000
Memory 10,300,91,1.000000
Memory 20,300,91,1.000000
Memory 30,300,91,0.967000
Memory 40,300,91,1.000000
Memory 50,300,91,0.980000
Memory 60,300,91,1.000000
Memory 70,300,91,1.000000
Memory 80,300,91,0.975000
Memory 90,300,91,0.961500
Memory 100,300,91,0.905000
Memory 110,300,91,0.940500
Memory 120,300,91,0.927500
Memory 130,300,91,0.889000
Memory 140,300,91,0.928000
Memory 150,300,91,0.910000
Memory 160,300,91,0.901500
Memory 170,300,91,0.789500
Memory 180,300,91,0.821500
Memory 190,300,91,0.844500
Memory 200,300,91,0.689500
Memory 10,300,53,1.000000
Memory 20,300,53,1.000000
Memory 30,300,53,1.000000
Memory 40,300,53,1.000000
Memory 50,300,53,1.000000
Memory 60,300,53,1.000000
Memory 70,300,53,0.962500
Memory 80,300,53,0.902500
Memory 90,300,53,0.875000
Memory 100,300,53,0.822000
Memory 110,300,53,0.821500
Memory 120,300,53,0.765000
Memory 130,300,53,0.808500
Memory 140,300,53,0.774500
Memory 150,300,53,0.774000
Memory 160,300,53,0.738000
Memory 170,300,53,0.816000
Memory 180,300,53,0.786000
Memory 190,300,53,0.639500
Memory 200,300,53,0.677500
Memory 10,300,53,1.000000
Memory 20,300,53,1.000000
Memory 30,300,53,0.967000
Memory 40,300,53,1.000000
Memory 50,300,53,0.980000
Memory 60,300,53,1.000000
Memory 70,300,53,1.000000
Memory 80,300,53,0.968500
Memory 90,300,53,0.961500
Memory 100,300,53,0.915000
Memory 110,300,53,0.945000
Memory 120,300,53,0.911500
Memory 130,300,53,0.891000
Memory 140,300,53,0.922500
Memory 150,300,53,0.896500
Memory 160,300,53,0.908000
Memory 170,300,53,0.790500
Memory 180,300,53,0.830500
Memory 190,300,53,0.838000
Memory 200,300,53,0.711500
Memory 10,300,13,1.000000
Memory 20,300,13,1.000000
Memory 30,300,13,1.000000
Memory 40,300,13,1.000000
Memory 50,300,13,1.000000
Memory 60,300,13,1.000000
Memory 70,300,13,0.962000
Memory 80,300,13,0.900500
Memory 90,300,13,0.870000
Memory 100,300,13,0.815500
Memory 110,300,13,0.854000
Memory 120,300,13,0.772500
Memory 130,300,13,0.803000
Memory 140,300,13,0.770000
Memory 150,300,13,0.777500
Memory 160,300,13,0.737000
Memory 170,300,13,0.813500
Memory 180,300,13,0.795500
Memory 190,300,13,0.624000
Memory 200,300,13,0.676500
Memory 10,300,13,1.000000
Memory 20,300,13,1.000000
Memory 30,300,13,0.967000
Memory 40,300,13,1.000000
Memory 50,300,13,0.980000
Memory 60,300,13,1.000000
Memory 70,300,13,1.000000
Memory 80,300,13,0.968500
Memory 90,300,13,0.961500
Memory 100,300,13,0.915000
Memory 110,300,13,0.940500
Memory 120,300,13,0.931500
Memory 130,300,13,0.880000
Memory 140,300,13,0.922000
Memory 150,300,13,0.909000
Memory 160,300,13,0.907000
Memory 170,300,13,0.833000
Memory 180,300,13,0.819000
Memory 190,300,13,0.850000
Memory 200,300,13,0.700000
Memory 10,300,10,1.000000
Memory 20,300,10,1.000000
Memory 30,300,10,1.000000
Memory 40,300,10,1.000000
Memory 50,300,10,1.000000
Memory 60,300,10,1.000000
Memory 70,300,10,0.959500
Memory 80,300,10,0.903000
Memory 90,300,10,0.883500
Memory 100,300,10,0.830500
Memory 110,300,10,0.833500
Memory 120,300,10,0.772500
Memory 130,300,10,0.812500
Memory 140,300,10,0.749000
Memory 150,300,10,0.780000
Memory 160,300,10,0.730000
Memory 170,300,10,0.806000
Memory 180,300,10,0.785500
Memory 190,300,10,0.655000
Memory 200,300,10,0.675000
Memory 10,300,10,1.000000
Memory 20,300,10,1.000000
Memory 30,300,10,0.967000
Memory 40,300,10,1.000000
Memory 50,300,10,0.980000
Memory 60,300,10,1.000000
Memory 70,300,10,1.000000
Memory 80,300,10,0.975000
Memory 90,300,10,0.972500
Memory 100,300,10,0.915000
Memory 110,300,10,0.936000
Memory 120,300,10,0.926500
Memory 130,300,10,0.888500
Memory 140,300,10,0.925500
Memory 150,300,10,0.907000
Memory 160,300,10,0.912000
Memory 170,300,10,0.792500
Memory 180,300,10,0.815000
Memory 190,300,10,0.844500
Memory 200,300,10,0.800000
Memory 10,400,91,1.000000
Memory 20,400,91,1.000000
Memory 30,400,91,1.000000
Memory 40,400,91,1.000000
Memory 50,400,91,1.000000
Memory 60,400,91,1.000000
Memory 70,400,91,0.974500
Memory 80,400,91,0.937500
Memory 90,400,91,0.915000
Memory 100,400,91,0.846500
Memory 110,400,91,0.867000
Memory 120,400,91,0.777500
Memory 130,400,91,0.823500
Memory 140,400,91,0.807500
Memory 150,400,91,0.802000
Memory 160,400,91,0.754500
Memory 170,400,91,0.804500
Memory 180,400,91,0.794500
Memory 190,400,91,0.608500
Memory 200,400,91,0.683500
Memory 10,400,91,1.000000
Memory 20,400,91,1.000000
Memory 30,400,91,0.967000
Memory 40,400,91,1.000000
Memory 50,400,91,0.980000
Memory 60,400,91,1.000000
Memory 70,400,91,1.000000
Memory 80,400,91,0.975000
Memory 90,400,91,0.978000
Memory 100,400,91,0.905000
Memory 110,400,91,0.940500
Memory 120,400,91,0.924000
Memory 130,400,91,0.892000
Memory 140,400,91,0.916500
Memory 150,400,91,0.886000
Memory 160,400,91,0.897000
Memory 170,400,91,0.811000
Memory 180,400,91,0.820000
Memory 190,400,91,0.833000
Memory 200,400,91,0.786000
Memory 10,400,91,1.000000
Memory 20,400,91,1.000000
Memory 30,400,91,1.000000
Memory 40,400,91,1.000000
Memory 50,400,91,1.000000
Memory 60,400,91,1.000000
Memory 70,400,91,0.974500
Memory 80,400,91,0.937500
Memory 90,400,91,0.915000
Memory 100,400,91,0.846500
Memory 110,400,91,0.867000
Memory 120,400,91,0.777500
Memory 130,400,91,0.823500
Memory 140,400,91,0.807500
Memory 150,400,91,0.802000
Memory 160,400,91,0.754500
Memory 170,400,91,0.804500
Memory 180,400,91,0.794500
Memory 190,400,91,0.608500
Memory 200,400,91,0.683500
Memory 10,400,91,1.000000
Memory 20,400,91,1.000000
Memory 30,400,91,0.967000
Memory 40,400,91,1.000000
Memory 50,400,91,0.980000
Memory 60,400,91,1.000000
Memory 70,400,91,1.000000
Memory 80,400,91,0.975000
Memory 90,400,91,0.978000
Memory 100,400,91,0.905000
Memory 110,400,91,0.940500
Memory 120,400,91,0.924000
Memory 130,400,91,0.892000
Memory 140,400,91,0.916500
Memory 150,400,91,0.886000
Memory 160,400,91,0.897000
Memory 170,400,91,0.811000
Memory 180,400,91,0.820000
Memory 190,400,91,0.833000
Memory 200,400,91,0.786000
Memory 10,400,91,1.000000
Memory 20,400,91,1.000000
Memory 30,400,91,1.000000
Memory 40,400,91,1.000000
Memory 50,400,91,1.000000
Memory 60,400,91,1.000000
Memory 70,400,91,0.974500
Memory 80,400,91,0.937500
Memory 90,400,91,0.915000
Memory 100,400,91,0.846500
Memory 110,400,91,0.867000
Memory 120,400,91,0.777500
Memory 130,400,91,0.823500
Memory 140,400,91,0.807500
Memory 150,400,91,0.802000
Memory 160,400,91,0.754500
Memory 170,400,91,0.804500
Memory 180,400,91,0.794500
Memory 190,400,91,0.608500
Memory 200,400,91,0.683500
Memory 10,400,91,1.000000
Memory 20,400,91,1.000000
Memory 30,400,91,0.967000
Memory 40,400,91,1.000000
Memory 50,400,91,0.980000
Memory 60,400,91,1.000000
Memory 70,400,91,1.000000
Memory 80,400,91,0.975000
Memory 90,400,91,0.978000
Memory 100,400,91,0.905000
Memory 110,400,91,0.940500
Memory 120,400,91,0.924000
Memory 130,400,91,0.892000
Memory 140,400,91,0.916500
Memory 150,400,91,0.886000
Memory 160,400,91,0.897000
Memory 170,400,91,0.811000
Memory 180,400,91,0.820000
Memory 190,400,91,0.833000
Memory 200,400,91,0.786000
Memory 10,400,91,1.000000
Memory 20,400,91,1.000000
Memory 30,400,91,1.000000
Memory 40,400,91,1.000000
Memory 50,400,91,1.000000
Memory 60,400,91,1.000000
Memory 70,400,91,0.974500
Memory 80,400,91,0.937500
Memory 90,400,91,0.915000
Memory 100,400,91,0.846500
Memory 110,400,91,0.867000
Memory 120,400,91,0.777500
Memory 130,400,91,0.823500
Memory 140,400,91,0.807500
Memory 150,400,91,0.802000
Memory 160,400,91,0.754500
Memory 170,400,91,0.804500
Memory 180,400,91,0.794500
Memory 190,400,91,0.608500
Memory 200,400,91,0.683500
Memory 10,400,91,1.000000
Memory 20,400,91,1.000000
Memory 30,400,91,0.967000
Memory 40,400,91,1.000000
Memory 50,400,91,0.980000
Memory 60,400,91,1.000000
Memory 70,400,91,1.000000
Memory 80,400,91,0.975000
Memory 90,400,91,0.978000
Memory 100,400,91,0.905000
Memory 110,400,91,0.940500
Memory 120,400,91,0.924000
Memory 130,400,91,0.892000
Memory 140,400,91,0.916500
Memory 150,400,91,0.886000
Memory 160,400,91,0.897000
Memory 170,400,91,0.811000
Memory 180,400,91,0.820000
Memory 190,400,91,0.833000
Memory 200,400,91,0.786000
Memory 10,400,91,1.000000
Memory 20,400,91,1.000000
Memory 30,400,91,1.000000
Memory 40,400,91,1.000000
Memory 50,400,91,1.000000
Memory 60,400,91,1.000000
Memory 70,400,91,0.974500
Memory 80,400,91,0.937500
Memory 90,400,91,0.915000
Memory 100,400,91,0.846500
Memory 110,400,91,0.867000
Memory 120,400,91,0.777500
Memory 130,400,91,0.823500
Memory 140,400,91,0.807500
Memory 150,400,91,0.802000
Memory 160,400,91,0.754500
Memory 170,400,91,0.804500
Memory 180,400,91,0.794500
Memory 190,400,91,0.608500
Memory 200,400,91,0.683500
Memory 10,400,91,1.000000
Memory 20,400,91,1.000000
Memory 30,400,91,0.967000
Memory 40,400,91,1.000000
Memory 50,400,91,0.980000
Memory 60,400,91,1.000000
Memory 70,400,91,1.000000
Memory 80,400,91,0.975000
Memory 90,400,91,0.978000
Memory 100,400,91,0.905000
Memory 110,400,91,0.940500
Memory 120,400,91,0.924000
Memory 130,400,91,0.892000
Memory 140,400,91,0.916500
Memory 150,400,91,0.886000
Memory 160,400,91,0.897000
Memory 170,400,91,0.811000
Memory 180,400,91,0.820000
Memory 190,400,91,0.833000
Memory 200,400,91,0.786000
Memory 10,400,91,1.000000
Memory 20,400,91,1.000000
Memory 30,400,91,1.000000
Memory 40,400,91,1.000000
Memory 50,400,91,1.000000
Memory 60,400,91,1.000000
Memory 70,400,91,0.974500
Memory 80,400,91,0.937500
Memory 90,400,91,0.915000
Memory 100,400,91,0.846500
Memory 110,400,91,0.867000
Memory 120,400,91,0.777500
Memory 130,400,91,0.823500
Memory 140,400,91,0.807500
Memory 150,400,91,0.802000
Memory 160,400,91,0.754500
Memory 170,400,91,0.804500
Memory 180,400,91,0.794500
Memory 190,400,91,0.608500
Memory 200,400,91,0.683500
Memory 10,400,91,1.000000
Memory 20,400,91,1.000000
Memory 30,400,91,0.967000
Memory 40,400,91,1.000000
Memory 50,400,91,0.980000
Memory 60,400,91,1.000000
Memory 70,400,91,1.000000
Memory 80,400,91,0.975000
Memory 90,400,91,0.978000
Memory 100,400,91,0.905000
Memory 110,400,91,0.940500
Memory 120,400,91,0.924000
Memory 130,400,91,0.892000
Memory 140,400,91,0.916500
Memory 150,400,91,0.886000
Memory 160,400,91,0.897000
Memory 170,400,91,0.811000
Memory 180,400,91,0.820000
Memory 190,400,91,0.833000
Memory 200,400,91,0.786000
Memory 10,400,91,1.000000
Memory 20,400,91,1.000000
Memory 30,400,91,1.000000
Memory 40,400,91,1.000000
Memory 50,400,91,1.000000
Memory 60,400,91,1.000000
Memory 70,400,91,0.974500
Memory 80,400,91,0.937500
Memory 90,400,91,0.915000
Memory 100,400,91,0.846500
Memory 110,400,91,0.867000
Memory 120,400,91,0.777500
Memory 130,400,91,0.823500
Memory 140,400,91,0.807500
Memory 150,400,91,0.802000
Memory 160,400,91,0.754500
Memory 170,400,91,0.804500
Memory 180,400,91,0.794500
Memory 190,400,91,0.608500
Memory 200,400,91,0.683500
Memory 10,400,91,1.000000
Memory 20,400,91,1.000000
Memory 30,400,91,0.967000
Memory 40,400,91,1.000000
Memory 50,400,91,0.980000
Memory 60,400,91,1.000000
Memory 70,400,91,1.000000
Memory 80,400,91,0.975000
Memory 90,400,91,0.978000
Memory 100,400,91,0.905000
Memory 110,400,91,0.940500
Memory 120,400,91,0.924000
Memory 130,400,91,0.892000
Memory 140,400,91,0.916500
Memory 150,400,91,0.886000
Memory 160,400,91,0.897000
Memory 170,400,91,0.811000
Memory 180,400,91,0.820000
Memory 190,400,91,0.833000
Memory 200,400,91,0.786000
Memory 10,400,91,1.000000
Memory 20,400,91,1.000000
Memory 30,400,91,1.000000
Memory 40,400,91,1.000000
Memory 50,400,91,1.000000
Memory 60,400,91,1.000000
Memory 70,400,91,0.974500
Memory 80,400,91,0.937500
Memory 90,400,91,0.915000
Memory 100,400,91,0.846500
Memory 110,400,91,0.867000
Memory 120,400,91,0.777500
Memory 130,400,91,0.823500
Memory 140,400,91,0.807500
Memory 150,400,91,0.802000
Memory 160,400,91,0.754500
Memory 170,400,91,0.804500
Memory 180,400,91,0.794500
Memory 190,400,91,0.608500
Memory 200,400,91,0.683500
Memory 10,400,91,1.000000
Memory 20,400,91,1.000000
Memory 30,400,91,0.967000
Memory 40,400,91,1.000000
Memory 50,400,91,0.980000
Memory 60,400,91,1.000000
Memory 70,400,91,1.000000
Memory 80,400,91,0.975000
Memory 90,400,91,0.978000
Memory 100,400,91,0.905000
Memory 110,400,91,0.940500
Memory 120,400,91,0.924000
Memory 130,400,91,0.892000
Memory 140,400,91,0.916500
Memory 150,400,91,0.886000
Memory 160,400,91,0.897000
Memory 170,400,91,0.811000
Memory 180,400,91,0.820000
Memory 190,400,91,0.833000
Memory 200,400,91,0.786000
Memory 10,400,91,1.000000
Memory 20,400,91,1.000000
Memory 30,400,91,1.000000
Memory 40,400,91,1.000000
Memory 50,400,91,1.000000
Memory 60,400,91,1.000000
Memory 70,400,91,0.974500
Memory 80,400,91,0.937500
Memory 90,400,91,0.915000
Memory 100,400,91,0.846500
Memory 110,400,91,0.867000
Memory 120,400,91,0.777500
Memory 130,400,91,0.823500
Memory 140,400,91,0.807500
Memory 150,400,91,0.802000
Memory 160,400,91,0.754500
Memory 170,400,91,0.804500
Memory 180,400,91,0.794500
Memory 190,400,91,0.608500
Memory 200,400,91,0.683500
Memory 10,400,91,1.000000
Memory 20,400,91,1.000000
Memory 30,400,91,0.967000
Memory 40,400,91,1.000000
Memory 50,400,91,0.980000
Memory 60,400,91,1.000000
Memory 70,400,91,1.000000
Memory 80,400,91,0.975000
Memory 90,400,91,0.978000
Memory 100,400,91,0.905000
Memory 110,400,91,0.940500
Memory 120,400,91,0.924000
Memory 130,400,91,0.892000
Memory 140,400,91,0.916500
Memory 150,400,91,0.886000
Memory 160,400,91,0.897000
Memory 170,400,91,0.811000
Memory 180,400,91,0.820000
Memory 190,400,91,0.833000
Memory 200,400,91,0.786000
Memory 10,400,91,1.000000
Memory 20,400,91,1.000000
Memory 30,400,91,1.000000
Memory 40,400,91,1.000000
Memory 50,400,91,1.000000
Memory 60,400,91,1.000000
Memory 70,400,91,0.974500
Memory 80,400,91,0.937500
Memory 90,400,91,0.915000
Memory 100,400,91,0.846500
Memory 110,400,91,0.867000
Memory 120,400,91,0.777500
Memory 130,400,91,0.823500
Memory 140,400,91,0.807500
Memory 150,400,91,0.802000
Memory 160,400,91,0.754500
Memory 170,400,91,0.804500
Memory 180,400,91,0.794500
Memory 190,400,91,0.608500
Memory 200,400,91,0.683500
Memory 10,400,91,1.000000
Memory 20,400,91,1.000000
Memory 30,400,91,0.967000
Memory 40,400,91,1.000000
Memory 50,400,91,0.980000
Memory 60,400,91,1.000000
Memory 70,400,91,1.000000
Memory 80,400,91,0.975000
Memory 90,400,91,0.978000
Memory 100,400,91,0.905000
Memory 110,400,91,0.940500
Memory 120,400,91,0.924000
Memory 130,400,91,0.892000
Memory 140,400,91,0.916500
Memory 150,400,91,0.886000
Memory 160,400,91,0.897000
Memory 170,400,91,0.811000
Memory 180,400,91,0.820000
Memory 190,400,91,0.833000
Memory 200,400,91,0.786000
Memory 10,500,91,1.000000
Memory 20,500,91,1.000000
Memory 30,500,91,1.000000
Memory 40,500,91,1.000000
Memory 50,500,91,1.000000
Memory 60,500,91,1.000000
Memory 70,500,91,0.994500
Memory 80,500,91,0.950000
Memory 90,500,91,0.942000
Memory 100,500,91,0.853000
Memory 110,500,91,0.875500
Memory 120,500,91,0.802000
Memory 130,500,91,0.844500
Memory 140,500,91,0.823500
Memory 150,500,91,0.811500
Memory 160,500,91,0.736000
Memory 170,500,91,0.828500
Memory 180,500,91,0.797500
Memory 190,500,91,0.616000
Memory 200,500,91,0.685000
Memory 10,500,91,1.000000
Memory 20,500,91,1.000000
Memory 30,500,91,0.967000
Memory 40,500,91,1.000000
Memory 50,500,91,0.980000
Memory 60,500,91,1.000000
Memory 70,500,91,1.000000
Memory 80,500,91,0.975000
Memory 90,500,91,0.983500
Memory 100,500,91,0.895000
Memory 110,500,91,0.940500
Memory 120,500,91,0.928000
Memory 130,500,91,0.910500
Memory 140,500,91,0.923500
Memory 150,500,91,0.884500
Memory 160,500,91,0.898500
Memory 170,500,91,0.800000
Memory 180,500,91,0.815500
Memory 190,500,91,0.811000
Memory 200,500,91,0.758500
Memory 10,500,97,1.000000
Memory 20,500,97,1.000000
Memory 30,500,97,1.000000
Memory 40,500,97,1.000000
Memory 50,500,97,1.000000
Memory 60,500,97,1.000000
Memory 70,500,97,0.997000
Memory 80,500,97,0.947500
Memory 90,500,97,0.956000
Memory 100,500,97,0.853500
Memory 110,500,97,0.872500
Memory 120,500,97,0.796500
Memory 130,500,97,0.837500
Memory 140,500,97,0.822500
Memory 150,500,97,0.790500
Memory 160,500,97,0.768500
Memory 170,500,97,0.835500
Memory 180,500,97,0.803000
Memory 190,500,97,0.578000
Memory 200,500,97,0.653500
Memory 10,500,97,1.000000
Memory 20,500,97,1.000000
Memory 30,500,97,0.967000
Memory 40,500,97,1.000000
Memory 50,500,97,0.980000
Memory 60,500,97,1.000000
Memory 70,500,97,1.000000
Memory 80,500,97,0.975000
Memory 90,500,97,0.983500
Memory 100,500,97,0.925000
Memory 110,500,97,0.945000
Memory 120,500,97,0.927000
Memory 130,500,97,0.892000
Memory 140,500,97,0.919500
Memory 150,500,97,0.871500
Memory 160,500,97,0.889500
Memory 170,500,97,0.858000
Memory 180,500,97,0.822500
Memory 190,500,97,0.809000
Memory 200,500,97,0.750500
Memory 10,500,35,1.000000
Memory 20,500,35,1.000000
Memory 30,500,35,1.000000
Memory 40,500,35,1.000000
Memory 50,500,35,1.000000
Memory 60,500,35,1.000000
Memory 70,500,35,0.994000
Memory 80,500,35,0.955000
Memory 90,500,35,0.948500
Memory 100,500,35,0.857000
Memory 110,500,35,0.875500
Memory 120,500,35,0.778500
Memory 130,500,35,0.855000
Memory 140,500,35,0.833500
Memory 150,500,35,0.821000
Memory 160,500,35,0.757500
Memory 170,500,35,0.829500
Memory 180,500,35,0.798000
Memory 190,500,35,0.608000
Memory 200,500,35,0.664000
Memory 10,500,35,1.000000
Memory 20,500,35,1.000000
Memory 30,500,35,0.967000
Memory 40,500,35,1.000000
Memory 50,500,35,0.980000
Memory 60,500,35,1.000000
Memory 70,500,35,1.000000
Memory 80,500,35,0.975000
Memory 90,500,35,0.989000
Memory 100,500,35,0.895000
Memory 110,500,35,0.949500
Memory 120,500,35,0.928500
Memory 130,500,35,0.897500
Memory 140,500,35,0.910000
Memory 150,500,35,0.879500
Memory 160,500,35,0.883500
Memory 170,500,35,0.844500
Memory 180,500,35,0.816500
Memory 190,500,35,0.836000
Memory 200,500,35,0.685000
Memory 10,500,51,1.000000
Memory 20,500,51,1.000000
Memory 30,500,51,1.000000
Memory 40,500,51,1.000000
Memory 50,500,51,1.000000
Memory 60,500,51,1.000000
Memory 70,500,51,0.994000
Memory 80,500,51,0.952500
Memory 90,500,51,0.937500
Memory 100,500,51,0.849500
Memory 110,500,51,0.872000
Memory 120,500,51,0.787500
Memory 130,500,51,0.843500
Memory 140,500,51,0.803500
Memory 150,500,51,0.807500
Memory 160,500,51,0.735500
Memory 170,500,51,0.824000
Memory 180,500,51,0.805000
Memory 190,500,51,0.588500
Memory 200,500,51,0.701500
Memory 10,500,51,1.000000
Memory 20,500,51,1.000000
Memory 30,500,51,0.967000
Memory 40,500,51,1.000000
Memory 50,500,51,0.980000
Memory 60,500,51,1.000000
Memory 70,500,51,1.000000
Memory 80,500,51,0.975000
Memory 90,500,51,0.983500
Memory 100,500,51,0.910000
Memory 110,500,51,0.940500
Memory 120,500,51,0.922000
Memory 130,500,51,0.879500
Memory 140,500,51,0.921000
Memory 150,500,51,0.875500
Memory 160,500,51,0.887000
Memory 170,500,51,0.826000
Memory 180,500,51,0.816500
Memory 190,500,51,0.813000
Memory 200,500,51,0.673000
Memory 10,500,16,1.000000
Memory 20,500,16,1.000000
Memory 30,500,16,1.000000
Memory 40,500,16,1.000000
Memory 50,500,16,1.000000
Memory 60,500,16,1.000000
Memory 70,500,16,0.994000
Memory 80,500,16,0.945000
Memory 90,500,16,0.948000
Memory 100,500,16,0.840000
Memory 110,500,16,0.886000
Memory 120,500,16,0.805000
Memory 130,500,16,0.846500
Memory 140,500,16,0.821500
Memory 150,500,16,0.813500
Memory 160,500,16,0.729000
Memory 170,500,16,0.837000
Memory 180,500,16,0.793500
Memory 190,500,16,0.599000
Memory 200,500,16,0.649000
Memory 10,500,16,1.000000
Memory 20,500,16,1.000000
Memory 30,500,16,0.967000
Memory 40,500,16,1.000000
Memory 50,500,16,0.980000
Memory 60,500,16,1.000000
Memory 70,500,16,1.000000
Memory 80,500,16,0.975000
Memory 90,500,16,0.983500
Memory 100,500,16,0.905000
Memory 110,500,16,0.949500
Memory 120,500,16,0.930000
Memory 130,500,16,0.881000
Memory 140,500,16,0.912000
Memory 150,500,16,0.882500
Memory 160,500,16,0.897000
Memory 170,500,16,0.790500
Memory 180,500,16,0.814500
Memory 190,500,16,0.859000
Memory 200,500,16,0.674000
Memory 10,500,68,1.000000
Memory 20,500,68,1.000000
Memory 30,500,68,1.000000
Memory 40,500,68,1.000000
Memory 50,500,68,1.000000
Memory 60,500,68,1.000000
Memory 70,500,68,0.994000
Memory 80,500,68,0.950000
Memory 90,500,68,0.949500
Memory 100,500,68,0.845000
Memory 110,500,68,0.880500
Memory 120,500,68,0.801500
Memory 130,500,68,0.832500
Memory 140,500,68,0.808500
Memory 150,500,68,0.819000
Memory 160,500,68,0.737500
Memory 170,500,68,0.833500
Memory 180,500,68,0.797000
Memory 190,500,68,0.607500
Memory 200,500,68,0.683500
Memory 10,500,68,1.000000
Memory 20,500,68,1.000000
Memory 30,500,68,0.967000
Memory 40,500,68,1.000000
Memory 50,500,68,0.980000
Memory 60,500,68,1.000000
Memory 70,500,68,1.000000
Memory 80,500,68,0.975000
Memory 90,500,68,0.983500
Memory 100,500,68,0.920000
Memory 110,500,68,0.936500
Memory 120,500,68,0.928000
Memory 130,500,68,0.900500
Memory 140,500,68,0.918000
Memory 150,500,68,0.879000
Memory 160,500,68,0.874500
Memory 170,500,68,0.757500
Memory 180,500,68,0.813500
Memory 190,500,68,0.833000
Memory 200,500,68,0.652500
Memory 10,500,13,1.000000
Memory 20,500,13,1.000000
Memory 30,500,13,1.000000
Memory 40,500,13,1.000000
Memory 50,500,13,1.000000
Memory 60,500,13,1.000000
Memory 70,500,13,0.997000
Memory 80,500,13,0.957500
Memory 90,500,13,0.943000
Memory 100,500,13,0.853500
Memory 110,500,13,0.883000
Memory 120,500,13,0.805500
Memory 130,500,13,0.856000
Memory 140,500,13,0.827000
Memory 150,500,13,0.807500
Memory 160,500,13,0.750500
Memory 170,500,13,0.827000
Memory 180,500,13,0.818500
Memory 190,500,13,0.597500
Memory 200,500,13,0.668000
Memory 10,500,13,1.000000
Memory 20,500,13,1.000000
Memory 30,500,13,0.967000
Memory 40,500,13,1.000000
Memory 50,500,13,0.980000
Memory 60,500,13,1.000000
Memory 70,500,13,1.000000
Memory 80,500,13,0.975000
Memory 90,500,13,0.989000
Memory 100,500,13,0.905000
Memory 110,500,13,0.945000
Memory 120,500,13,0.909500
Memory 130,500,13,0.897500
Memory 140,500,13,0.916500
Memory 150,500,13,0.876500
Memory 160,500,13,0.892500
Memory 170,500,13,0.762500
Memory 180,500,13,0.809500
Memory 190,500,13,0.828500
Memory 200,500,13,0.668000
Memory 10,500,29,1.000000
Memory 20,500,29,1.000000
Memory 30,500,29,1.000000
Memory 40,500,29,1.000000
Memory 50,500,29,1.000000
Memory 60,500,29,1.000000
Memory 70,500,29,0.997000
Memory 80,500,29,0.952500
Memory 90,500,29,0.940500
Memory 100,500,29,0.857000
Memory 110,500,29,0.881500
Memory 120,500,29,0.794000
Memory 130,500,29,0.858500
Memory 140,500,29,0.803500
Memory 150,500,29,0.803000
Memory 160,500,29,0.755000
Memory 170,500,29,0.822500
Memory 180,500,29,0.815000
Memory 190,500,29,0.597000
Memory 200,500,29,0.653000
Memory 10,500,29,1.000000
Memory 20,500,29,1.000000
Memory 30,500,29,0.967000
Memory 40,500,29,1.000000
Memory 50,500,29,0.980000
Memory 60,500,29,1.000000
Memory 70,500,29,1.000000
Memory 80,500,29,0.975000
Memory 90,500,29,0.983500
Memory 100,500,29,0.915000
Memory 110,500,29,0.949500
Memory 120,500,29,0.920500
Memory 130,500,29,0.888500
Memory 140,500,29,0.914500
Memory 150,500,29,0.862500
Memory 160,500,29,0.891500
Memory 170,500,29,0.765000
Memory 180,500,29,0.825000
Memory 190,500,29,0.822000
Memory 200,500,29,0.793500
Memory 10,500,35,1.000000
Memory 20,500,35,1.000000
Memory 30,500,35,1.000000
Memory 40,500,35,1.000000
Memory 50,500,35,1.000000
Memory 60,500,35,1.000000
Memory 70,500,35,0.994000
Memory 80,500,35,0.955000
Memory 90,500,35,0.948500
Memory 100,500,35,0.857000
Memory 110,500,35,0.875500
Memory 120,500,35,0.778500
Memory 130,500,35,0.855000
Memory 140,500,35,0.833500
Memory 150,500,35,0.821000
Memory 160,500,35,0.757500
Memory 170,500,35,0.829500
Memory 180,500,35,0.798000
Memory 190,500,35,0.608000
Memory 200,500,35,0.664000
Memory 10,500,35,1.000000
Memory 20,500,35,1.000000
Memory 30,500,35,0.967000
Memory 40,500,35,1.000000
Memory 50,500,35,0.980000
Memory 60,500,35,1.000000
Memory 70,500,35,1.000000
Memory 80,500,35,0.975000
Memory 90,500,35,0.989000
Memory 100,500,35,0.895000
Memory 110,500,35,0.949500
Memory 120,500,35,0.928500
Memory 130,500,35,0.897500
Memory 140,500,35,0.910000
Memory 150,500,35,0.879500
Memory 160,500,35,0.883500
Memory 170,500,35,0.844500
Memory 180,500,35,0.816500
Memory 190,500,35,0.836000
Memory 200,500,35,0.685000
Memory 10,500,51,1.000000
Memory 20,500,51,1.000000
Memory 30,500,51,1.000000
Memory 40,500,51,1.000000
Memory 50,500,51,1.000000
Memory 60,500,51,1.000000
Memory 70,500,51,0.994000
Memory 80,500,51,0.952500
Memory 90,500,51,0.937500
Memory 100,500,51,0.849500
Memory 110,500,51,0.872000
Memory 120,500,51,0.787500
Memory 130,500,51,0.843500
Memory 140,500,51,0.803500
Memory 150,500,51,0.807500
Memory 160,500,51,0.735500
Memory 170,500,51,0.824000
Memory 180,500,51,0.805000
Memory 190,500,51,0.588500
Memory 200,500,51,0.701500
Memory 10,500,51,1.000000
Memory 20,500,51,1.000000
Memory 30,500,51,0.967000
Memory 40,500,51,1.000000
Memory 50,500,51,0.980000
Memory 60,500,51,1.000000
Memory 70,500,51,1.000000
Memory 80,500,51,0.975000
Memory 90,500,51,0.983500
Memory 100,500,51,0.910000
Memory 110,500,51,0.940500
Memory 120,500,51,0.922000
Memory 130,500,51,0.879500
Memory 140,500,51,0.921000
Memory 150,500,51,0.875500
Memory 160,500,51,0.887000
Memory 170,500,51,0.826000
Memory 180,500,51,0.816500
Memory 190,500,51,0.813000
Memory 200,500,51,0.673000
