-0.00267859411036 -0.0822070540049
-0.0539185973761 -0.218426821083
-0.156134240391 -0.322028583619
-0.291651509878 -0.375098655678
-0.437038238807 -0.368460739674
-0.567155740949 -0.303262591589
-0.659505518104 -0.190777563531
-0.69811945483 -0.0504553387481
-0.67632085067 0.0934410953086
-0.597878882318 0.216030737932
-0.476356878725 0.296116726222
-0.332767098304 0.319851465243
-0.191937518564 0.283131002996
-0.0782188532365 0.192304640998
-0.0112740926594 0.0630770823702
0.00267859411036 0.0822070540049
0.0539185973761 0.218426821083
0.156134240391 0.322028583619
0.291651509878 0.375098655678
0.437038238807 0.368460739674
0.567155740949 0.303262591589
0.659505518104 0.190777563531
0.69811945483 0.0504553387481
0.67632085067 -0.0934410953086
0.597878882318 -0.216030737932
0.476356878725 -0.296116726222
0.332767098304 -0.319851465243
0.191937518564 -0.283131002996
0.0782188532365 -0.192304640998
0.0112740926594 -0.0630770823702
